1 0 0 0
1 0 1 0
1 0 2 0
1 0 3 0
1 0 4 0
1 0 5 0
1 0 6 0
1 0 7 0
1 0 8 0
1 0 9 0
1 0 10 0
1 0 11 0
1 0 12 0
1 0 13 0
1 0 14 0
1 0 15 0
1 0 16 0
1 0 17 0
1 0 18 0
1 0 19 0
1 0 20 0
1 0 21 0
1 0 22 0
1 0 23 0
1 0 24 0
1 0 0 1
1 0 1 1
1 0 2 1
1 0 3 1
1 0 4 1
1 0 5 1
1 0 6 1
1 0 7 1
1 0 8 1
1 0 9 1
1 0 10 1
1 0 11 1
1 0 12 1
1 0 13 1
1 0 14 1
1 0 15 1
1 0 16 1
1 0 17 1
1 0 18 1
1 0 19 1
1 0 20 1
1 0 21 1
1 0 22 1
1 0 23 1
1 0 24 1
1 0 0 2
1 0 1 2
1 0 2 2
1 0 3 2
1 0 4 2
1 0 5 2
1 0 6 2
1 0 7 2
1 0 8 2
1 0 9 2
1 0 10 2
1 0 11 2
1 0 12 2
1 0 13 2
1 0 14 2
1 0 15 2
1 0 16 2
1 0 17 2
1 0 18 2
1 0 19 2
1 0 20 2
1 0 21 2
1 0 22 2
1 0 23 2
1 0 24 2
1 0 0 3
1 0 1 3
1 0 2 3
1 0 3 3
1 0 4 3
1 0 5 3
1 0 6 3
1 0 7 3
1 0 8 3
1 0 9 3
1 0 10 3
1 0 11 3
1 0 12 3
1 0 13 3
1 0 14 3
1 0 15 3
1 0 16 3
1 0 17 3
1 0 18 3
1 0 19 3
1 0 20 3
1 0 21 3
1 0 22 3
1 0 23 3
1 0 24 3
1 0 0 4
1 0 1 4
1 0 2 4
1 0 3 4
1 0 4 4
1 0 5 4
1 0 6 4
1 0 7 4
1 0 8 4
1 0 9 4
1 0 10 4
1 0 11 4
1 0 12 4
1 0 13 4
1 0 14 4
1 0 15 4
1 0 16 4
1 0 17 4
1 0 18 4
1 0 19 4
1 0 20 4
1 0 21 4
1 0 22 4
1 0 23 4
1 0 24 4
1 0 0 5
1 0 1 5
1 0 2 5
1 0 3 5
1 0 4 5
1 0 5 5
1 0 6 5
1 0 7 5
1 0 8 5
1 0 9 5
1 0 10 5
1 0 11 5
1 0 12 5
1 0 13 5
1 0 14 5
1 0 15 5
1 0 16 5
1 0 17 5
1 0 18 5
1 0 19 5
1 0 20 5
1 0 21 5
1 0 22 5
1 0 23 5
1 0 24 5
1 0 0 6
1 0 1 6
1 0 2 6
1 0 3 6
1 0 4 6
1 0 5 6
1 0 6 6
1 0 7 6
1 0 8 6
1 0 9 6
1 0 10 6
1 0 11 6
1 0 12 6
1 0 13 6
1 0 14 6
1 0 15 6
1 0 16 6
1 0 17 6
1 0 18 6
1 0 19 6
1 0 20 6
1 0 21 6
1 0 22 6
1 0 23 6
1 0 24 6
1 0 0 7
1 0 1 7
1 0 2 7
1 0 3 7
1 0 4 7
1 0 5 7
1 0 6 7
1 0 7 7
1 0 8 7
1 0 9 7
1 0 10 7
1 0 11 7
1 0 12 7
1 0 13 7
1 0 14 7
1 0 15 7
1 0 16 7
1 0 17 7
1 0 18 7
1 0 19 7
1 0 20 7
1 0 21 7
1 0 22 7
1 0 23 7
1 0 24 7
1 0 0 8
1 0 1 8
1 0 2 8
1 0 3 8
1 0 4 8
1 0 5 8
1 0 6 8
1 0 7 8
1 0 8 8
1 0 9 8
1 0 10 8
1 0 11 8
1 0 12 8
1 0 13 8
1 0 14 8
1 0 15 8
1 0 16 8
1 0 17 8
1 0 18 8
1 0 19 8
1 0 20 8
1 0 21 8
1 0 22 8
1 0 23 8
1 0 24 8
1 0 0 9
1 0 1 9
1 0 2 9
1 0 3 9
1 0 4 9
1 0 5 9
1 0 6 9
1 0 7 9
1 0 8 9
1 0 9 9
1 0 10 9
1 0 11 9
1 0 12 9
1 0 13 9
1 0 14 9
1 0 15 9
1 0 16 9
1 0 17 9
1 0 18 9
1 0 19 9
1 0 20 9
1 0 21 9
1 0 22 9
1 0 23 9
1 0 24 9
1 0 0 10
1 0 1 10
1 0 2 10
1 0 3 10
1 0 4 10
1 0 5 10
1 0 6 10
1 0 7 10
1 0 8 10
1 0 9 10
1 0 10 10
1 0 11 10
1 0 12 10
1 0 13 10
1 0 14 10
1 0 15 10
1 0 16 10
1 0 17 10
1 0 18 10
1 0 19 10
1 0 20 10
1 0 21 10
1 0 22 10
1 0 23 10
1 0 24 10
1 0 0 11
1 0 1 11
1 0 2 11
1 0 3 11
1 0 4 11
1 0 5 11
1 0 6 11
1 0 7 11
1 0 8 11
1 0 9 11
1 0 10 11
1 0 11 11
1 0 12 11
1 0 13 11
1 0 14 11
1 0 15 11
1 0 16 11
1 0 17 11
1 0 18 11
1 0 19 11
1 0 20 11
1 0 21 11
1 0 22 11
1 0 23 11
1 0 24 11
1 0 0 12
1 0 1 12
1 0 2 12
1 0 3 12
1 0 4 12
1 0 5 12
1 0 6 12
1 0 7 12
1 0 8 12
1 0 9 12
1 0 10 12
1 0 11 12
1 0 12 12
1 0 13 12
1 0 14 12
1 0 15 12
1 0 16 12
1 0 17 12
1 0 18 12
1 0 19 12
1 0 20 12
1 0 21 12
1 0 22 12
1 0 23 12
1 0 24 12
1 0 0 13
1 0 1 13
1 0 2 13
1 0 3 13
1 0 4 13
1 0 5 13
1 0 6 13
1 0 7 13
1 0 8 13
1 0 9 13
1 0 10 13
1 0 11 13
1 0 12 13
1 0 13 13
1 0 14 13
1 0 15 13
1 0 16 13
1 0 17 13
1 0 18 13
1 0 19 13
1 0 20 13
1 0 21 13
1 0 22 13
1 0 23 13
1 0 24 13
1 0 0 14
1 0 1 14
1 0 2 14
1 0 3 14
1 0 4 14
1 0 5 14
1 0 6 14
1 0 7 14
1 0 8 14
1 0 9 14
1 0 10 14
1 0 11 14
1 0 12 14
1 0 13 14
1 0 14 14
1 0 15 14
1 0 16 14
1 0 17 14
1 0 18 14
1 0 19 14
1 0 20 14
1 0 21 14
1 0 22 14
1 0 23 14
1 0 24 14
1 0 0 15
1 0 1 15
1 0 2 15
1 0 3 15
1 0 4 15
1 0 5 15
1 0 6 15
1 0 7 15
1 0 8 15
1 0 9 15
1 0 10 15
1 0 11 15
1 0 12 15
1 0 13 15
1 0 14 15
1 0 15 15
1 0 16 15
1 0 17 15
1 0 18 15
1 0 19 15
1 0 20 15
1 0 21 15
1 0 22 15
1 0 23 15
1 0 24 15
1 0 0 16
1 0 1 16
1 0 2 16
1 0 3 16
1 0 4 16
1 0 5 16
1 0 6 16
1 0 7 16
1 0 8 16
1 0 9 16
1 0 10 16
1 0 11 16
1 0 12 16
1 0 13 16
1 0 14 16
1 0 15 16
1 0 16 16
1 0 17 16
1 0 18 16
1 0 19 16
1 0 20 16
1 0 21 16
1 0 22 16
1 0 23 16
1 0 24 16
1 0 0 17
1 0 1 17
1 0 2 17
1 0 3 17
1 0 4 17
1 0 5 17
1 0 6 17
1 0 7 17
1 0 8 17
1 0 9 17
1 0 10 17
1 0 11 17
1 0 12 17
1 0 13 17
1 0 14 17
1 0 15 17
1 0 16 17
1 0 17 17
1 0 18 17
1 0 19 17
1 0 20 17
1 0 21 17
1 0 22 17
1 0 23 17
1 0 24 17
1 0 0 18
1 0 1 18
1 0 2 18
1 0 3 18
1 0 4 18
1 0 5 18
1 0 6 18
1 0 7 18
1 0 8 18
1 0 9 18
1 0 10 18
1 0 11 18
1 0 12 18
1 0 13 18
1 0 14 18
1 0 15 18
1 0 16 18
1 0 17 18
1 0 18 18
1 0 19 18
1 0 20 18
1 0 21 18
1 0 22 18
1 0 23 18
1 0 24 18
1 0 0 19
1 0 1 19
1 0 2 19
1 0 3 19
1 0 4 19
1 0 5 19
1 0 6 19
1 0 7 19
1 0 8 19
1 0 9 19
1 0 10 19
1 0 11 19
1 0 12 19
1 0 13 19
1 0 14 19
1 0 15 19
1 0 16 19
1 0 17 19
1 0 18 19
1 0 19 19
1 0 20 19
1 0 21 19
1 0 22 19
1 0 23 19
1 0 24 19
1 0 0 20
1 0 1 20
1 0 2 20
1 0 3 20
1 0 4 20
1 0 5 20
1 0 6 20
1 0 7 20
1 0 8 20
1 0 9 20
1 0 10 20
1 0 11 20
1 0 12 20
1 0 13 20
1 0 14 20
1 0 15 20
1 0 16 20
1 0 17 20
1 0 18 20
1 0 19 20
1 0 20 20
1 0 21 20
1 0 22 20
1 0 23 20
1 0 24 20
1 0 0 21
1 0 1 21
1 0 2 21
1 0 3 21
1 0 4 21
1 0 5 21
1 0 6 21
1 0 7 21
1 0 8 21
1 0 9 21
1 0 10 21
1 0 11 21
1 0 12 21
1 0 13 21
1 0 14 21
1 0 15 21
1 0 16 21
1 0 17 21
1 0 18 21
1 0 19 21
1 0 20 21
1 0 21 21
1 0 22 21
1 0 23 21
1 0 24 21
1 0 0 22
1 0 1 22
1 0 2 22
1 0 3 22
1 0 4 22
1 0 5 22
1 0 6 22
1 0 7 22
1 0 8 22
1 0 9 22
1 0 10 22
1 0 11 22
1 0 12 22
1 0 13 22
1 0 14 22
1 0 15 22
1 0 16 22
1 0 17 22
1 0 18 22
1 0 19 22
1 0 20 22
1 0 21 22
1 0 22 22
1 0 23 22
1 0 24 22
1 0 0 23
1 0 1 23
1 0 2 23
1 0 3 23
1 0 4 23
1 0 5 23
1 0 6 23
1 0 7 23
1 0 8 23
1 0 9 23
1 0 10 23
1 0 11 23
1 0 12 23
1 0 13 23
1 0 14 23
1 0 15 23
1 0 16 23
1 0 17 23
1 0 18 23
1 0 19 23
1 0 20 23
1 0 21 23
1 0 22 23
1 0 23 23
1 0 24 23
1 0 0 24
1 0 1 24
1 0 2 24
1 0 3 24
1 0 4 24
1 0 5 24
1 0 6 24
1 0 7 24
1 0 8 24
1 0 9 24
1 0 10 24
1 0 11 24
1 0 12 24
1 0 13 24
1 0 14 24
1 0 15 24
1 0 16 24
1 0 17 24
1 0 18 24
1 0 19 24
1 0 20 24
1 0 21 24
1 0 22 24
1 0 23 24
1 0 24 24
1 1 0 0
1 1 1 0
1 1 2 0
1 1 3 0
1 1 4 0
1 1 5 0
1 1 6 0
1 1 7 0
1 1 8 0
1 1 9 0
1 1 10 0
1 1 11 0
1 1 12 0
1 1 13 0
1 1 14 0
1 1 15 0
1 1 16 0
1 1 17 0
1 1 18 0
1 1 19 0
1 1 20 0
1 1 21 0
1 1 22 0
1 1 23 0
1 1 24 0
1 1 24 1
1 1 24 2
1 1 24 3
1 1 24 4
1 1 24 5
1 1 24 6
1 1 24 7
1 1 24 8
1 1 24 9
1 1 24 10
1 1 24 11
1 1 24 12
1 1 24 13
1 1 24 14
1 1 24 15
1 1 24 16
1 1 24 17
1 1 24 18
1 1 24 19
1 1 24 20
1 1 24 21
1 1 24 22
1 1 24 23
1 1 0 24
1 1 1 24
1 1 2 24
1 1 3 24
1 1 4 24
1 1 5 24
1 1 6 24
1 1 7 24
1 1 8 24
1 1 9 24
1 1 10 24
1 1 11 24
1 1 12 24
1 1 13 24
1 1 14 24
1 1 15 24
1 1 16 24
1 1 17 24
1 1 18 24
1 1 19 24
1 1 20 24
1 1 21 24
1 1 22 24
1 1 23 24
1 1 24 24
1 2 0 0
1 2 1 0
1 2 2 0
1 2 3 0
1 2 4 0
1 2 5 0
1 2 6 0
1 2 7 0
1 2 8 0
1 2 9 0
1 2 10 0
1 2 11 0
1 2 12 0
1 2 13 0
1 2 14 0
1 2 15 0
1 2 16 0
1 2 17 0
1 2 18 0
1 2 19 0
1 2 20 0
1 2 21 0
1 2 22 0
1 2 23 0
1 2 24 0
1 2 24 1
1 2 24 2
1 2 24 3
1 2 24 4
1 2 24 5
1 2 24 6
1 2 24 7
1 2 24 8
1 2 24 9
1 2 24 10
1 2 24 11
1 2 24 12
1 2 24 13
1 2 24 14
1 2 24 15
1 2 24 16
1 2 24 17
1 2 24 18
1 2 24 19
1 2 24 20
1 2 24 21
1 2 24 22
1 2 24 23
1 2 0 24
1 2 1 24
1 2 2 24
1 2 3 24
1 2 4 24
1 2 5 24
1 2 6 24
1 2 7 24
1 2 8 24
1 2 9 24
1 2 10 24
1 2 11 24
1 2 12 24
1 2 13 24
1 2 14 24
1 2 15 24
1 2 16 24
1 2 17 24
1 2 18 24
1 2 19 24
1 2 20 24
1 2 21 24
1 2 22 24
1 2 23 24
1 2 24 24
1 3 0 0
1 3 1 0
1 3 2 0
1 3 3 0
1 3 4 0
1 3 5 0
1 3 6 0
1 3 7 0
1 3 8 0
1 3 9 0
1 3 10 0
1 3 11 0
1 3 12 0
1 3 13 0
1 3 14 0
1 3 15 0
1 3 16 0
1 3 17 0
1 3 18 0
1 3 19 0
1 3 20 0
1 3 21 0
1 3 22 0
1 3 23 0
1 3 24 0
1 3 24 1
1 3 24 2
1 3 24 3
1 3 24 4
1 3 24 5
1 3 24 6
1 3 24 7
1 3 24 8
1 3 24 9
1 3 24 10
1 3 24 11
1 3 24 12
1 3 24 13
1 3 24 14
1 3 24 15
1 3 24 16
1 3 24 17
1 3 24 18
1 3 24 19
1 3 24 20
1 3 24 21
1 3 24 22
1 3 24 23
1 3 0 24
1 3 1 24
1 3 2 24
1 3 3 24
1 3 4 24
1 3 5 24
1 3 6 24
1 3 7 24
1 3 8 24
1 3 9 24
1 3 10 24
1 3 11 24
1 3 12 24
1 3 13 24
1 3 14 24
1 3 15 24
1 3 16 24
1 3 17 24
1 3 18 24
1 3 19 24
1 3 20 24
1 3 21 24
1 3 22 24
1 3 23 24
1 3 24 24
1 4 0 0
1 4 1 0
1 4 2 0
1 4 3 0
1 4 4 0
1 4 5 0
1 4 6 0
1 4 7 0
1 4 8 0
1 4 9 0
1 4 10 0
1 4 11 0
1 4 12 0
1 4 13 0
1 4 14 0
1 4 15 0
1 4 16 0
1 4 17 0
1 4 18 0
1 4 19 0
1 4 20 0
1 4 21 0
1 4 22 0
1 4 23 0
1 4 24 0
1 4 24 1
1 4 24 2
1 4 24 3
1 4 24 4
1 4 24 5
1 4 24 6
1 4 24 7
1 4 24 8
1 4 24 9
1 4 24 10
1 4 24 11
1 4 24 12
1 4 24 13
1 4 24 14
1 4 24 15
1 4 24 16
1 4 24 17
1 4 24 18
1 4 24 19
1 4 24 20
1 4 24 21
1 4 24 22
1 4 24 23
1 4 0 24
1 4 1 24
1 4 2 24
1 4 3 24
1 4 4 24
1 4 5 24
1 4 6 24
1 4 7 24
1 4 8 24
1 4 9 24
1 4 10 24
1 4 11 24
1 4 12 24
1 4 13 24
1 4 14 24
1 4 15 24
1 4 16 24
1 4 17 24
1 4 18 24
1 4 19 24
1 4 20 24
1 4 21 24
1 4 22 24
1 4 23 24
1 4 24 24
1 5 0 0
1 5 1 0
1 5 2 0
1 5 3 0
1 5 4 0
1 5 5 0
1 5 6 0
1 5 7 0
1 5 8 0
1 5 9 0
1 5 10 0
1 5 11 0
1 5 12 0
1 5 13 0
1 5 14 0
1 5 15 0
1 5 16 0
1 5 17 0
1 5 18 0
1 5 19 0
1 5 20 0
1 5 21 0
1 5 22 0
1 5 23 0
1 5 24 0
1 5 24 1
1 5 24 2
1 5 24 3
1 5 24 4
1 5 24 5
1 5 24 6
1 5 24 7
1 5 24 8
1 5 24 9
1 5 24 10
1 5 24 11
1 5 24 12
1 5 24 13
1 5 24 14
1 5 24 15
1 5 24 16
1 5 24 17
1 5 24 18
1 5 24 19
1 5 24 20
1 5 24 21
1 5 24 22
1 5 24 23
1 5 0 24
1 5 1 24
1 5 2 24
1 5 3 24
1 5 4 24
1 5 5 24
1 5 6 24
1 5 7 24
1 5 8 24
1 5 9 24
1 5 10 24
1 5 11 24
1 5 12 24
1 5 13 24
1 5 14 24
1 5 15 24
1 5 16 24
1 5 17 24
1 5 18 24
1 5 19 24
1 5 20 24
1 5 21 24
1 5 22 24
1 5 23 24
1 5 24 24
1 6 0 0
1 6 1 0
1 6 2 0
1 6 3 0
1 6 4 0
1 6 5 0
1 6 6 0
1 6 7 0
1 6 8 0
1 6 9 0
1 6 10 0
1 6 11 0
1 6 12 0
1 6 13 0
1 6 14 0
1 6 15 0
1 6 16 0
1 6 17 0
1 6 18 0
1 6 19 0
1 6 20 0
1 6 21 0
1 6 22 0
1 6 23 0
1 6 24 0
1 6 24 1
1 6 24 2
1 6 24 3
1 6 24 4
1 6 24 5
1 6 24 6
1 6 24 7
1 6 24 8
1 6 24 9
1 6 24 10
1 6 24 11
1 6 24 12
1 6 24 13
1 6 24 14
1 6 24 15
1 6 24 16
1 6 24 17
1 6 24 18
1 6 24 19
1 6 24 20
1 6 24 21
1 6 24 22
1 6 24 23
1 6 0 24
1 6 1 24
1 6 2 24
1 6 3 24
1 6 4 24
1 6 5 24
1 6 6 24
1 6 7 24
1 6 8 24
1 6 9 24
1 6 10 24
1 6 11 24
1 6 12 24
1 6 13 24
1 6 14 24
1 6 15 24
1 6 16 24
1 6 17 24
1 6 18 24
1 6 19 24
1 6 20 24
1 6 21 24
1 6 22 24
1 6 23 24
1 6 24 24
1 7 0 0
1 7 1 0
1 7 2 0
1 7 3 0
1 7 4 0
1 7 5 0
1 7 6 0
1 7 7 0
1 7 8 0
1 7 9 0
1 7 10 0
1 7 11 0
1 7 12 0
1 7 13 0
1 7 14 0
1 7 15 0
1 7 16 0
1 7 17 0
1 7 18 0
1 7 19 0
1 7 20 0
1 7 21 0
1 7 22 0
1 7 23 0
1 7 24 0
1 7 24 1
1 7 24 2
1 7 24 3
1 7 24 4
1 7 24 5
1 7 24 6
1 7 24 7
1 7 24 8
1 7 24 9
1 7 24 10
1 7 24 11
1 7 24 12
1 7 24 13
1 7 24 14
1 7 24 15
1 7 24 16
1 7 24 17
1 7 24 18
1 7 24 19
1 7 24 20
1 7 24 21
1 7 24 22
1 7 24 23
1 7 0 24
1 7 1 24
1 7 2 24
1 7 3 24
1 7 4 24
1 7 5 24
1 7 6 24
1 7 7 24
1 7 8 24
1 7 9 24
1 7 10 24
1 7 11 24
1 7 12 24
1 7 13 24
1 7 14 24
1 7 15 24
1 7 16 24
1 7 17 24
1 7 18 24
1 7 19 24
1 7 20 24
1 7 21 24
1 7 22 24
1 7 23 24
1 7 24 24
1 8 0 0
1 8 1 0
1 8 2 0
1 8 3 0
1 8 4 0
1 8 5 0
1 8 6 0
1 8 7 0
1 8 8 0
1 8 9 0
1 8 10 0
1 8 11 0
1 8 12 0
1 8 13 0
1 8 14 0
1 8 15 0
1 8 16 0
1 8 17 0
1 8 18 0
1 8 19 0
1 8 20 0
1 8 21 0
1 8 22 0
1 8 23 0
1 8 24 0
1 8 24 1
1 8 24 2
1 8 24 3
1 8 24 4
1 8 24 5
1 8 24 6
1 8 24 7
1 8 24 8
1 8 24 9
1 8 24 10
1 8 24 11
1 8 24 12
1 8 24 13
1 8 24 14
1 8 24 15
1 8 24 16
1 8 24 17
1 8 24 18
1 8 24 19
1 8 24 20
1 8 24 21
1 8 24 22
1 8 24 23
1 8 0 24
1 8 1 24
1 8 2 24
1 8 3 24
1 8 4 24
1 8 5 24
1 8 6 24
1 8 7 24
1 8 8 24
1 8 9 24
1 8 10 24
1 8 11 24
1 8 12 24
1 8 13 24
1 8 14 24
1 8 15 24
1 8 16 24
1 8 17 24
1 8 18 24
1 8 19 24
1 8 20 24
1 8 21 24
1 8 22 24
1 8 23 24
1 8 24 24
1 9 0 0
1 9 1 0
1 9 2 0
1 9 3 0
1 9 4 0
1 9 5 0
1 9 6 0
1 9 7 0
1 9 8 0
1 9 9 0
1 9 10 0
1 9 11 0
1 9 12 0
1 9 13 0
1 9 14 0
1 9 15 0
1 9 16 0
1 9 17 0
1 9 18 0
1 9 19 0
1 9 20 0
1 9 21 0
1 9 22 0
1 9 23 0
1 9 24 0
1 9 24 1
1 9 24 2
1 9 24 3
1 9 24 4
1 9 24 5
1 9 24 6
1 9 24 7
1 9 24 8
1 9 24 9
1 9 24 10
1 9 24 11
1 9 24 12
1 9 24 13
1 9 24 14
1 9 24 15
1 9 24 16
1 9 24 17
1 9 24 18
1 9 24 19
1 9 24 20
1 9 24 21
1 9 24 22
1 9 24 23
1 9 0 24
1 9 1 24
1 9 2 24
1 9 3 24
1 9 4 24
1 9 5 24
1 9 6 24
1 9 7 24
1 9 8 24
1 9 9 24
1 9 10 24
1 9 11 24
1 9 12 24
1 9 13 24
1 9 14 24
1 9 15 24
1 9 16 24
1 9 17 24
1 9 18 24
1 9 19 24
1 9 20 24
1 9 21 24
1 9 22 24
1 9 23 24
1 9 24 24
1 10 0 0
1 10 1 0
1 10 2 0
1 10 3 0
1 10 4 0
1 10 5 0
1 10 6 0
1 10 7 0
1 10 8 0
1 10 9 0
1 10 10 0
1 10 11 0
1 10 12 0
1 10 13 0
1 10 14 0
1 10 15 0
1 10 16 0
1 10 17 0
1 10 18 0
1 10 19 0
1 10 20 0
1 10 21 0
1 10 22 0
1 10 23 0
1 10 24 0
1 10 24 1
1 10 24 2
1 10 24 3
1 10 24 4
1 10 24 5
1 10 24 6
1 10 24 7
1 10 24 8
1 10 24 9
1 10 24 10
1 10 24 11
1 10 24 12
1 10 24 13
1 10 24 14
1 10 24 15
1 10 24 16
1 10 24 17
1 10 24 18
1 10 24 19
1 10 24 20
1 10 24 21
1 10 24 22
1 10 24 23
1 10 0 24
1 10 1 24
1 10 2 24
1 10 3 24
1 10 4 24
1 10 5 24
1 10 6 24
1 10 7 24
1 10 8 24
1 10 9 24
1 10 10 24
1 10 11 24
1 10 12 24
1 10 13 24
1 10 14 24
1 10 15 24
1 10 16 24
1 10 17 24
1 10 18 24
1 10 19 24
1 10 20 24
1 10 21 24
1 10 22 24
1 10 23 24
1 10 24 24
1 11 0 0
1 11 1 0
1 11 2 0
1 11 3 0
1 11 4 0
1 11 5 0
1 11 6 0
1 11 7 0
1 11 8 0
1 11 9 0
1 11 10 0
1 11 11 0
1 11 12 0
1 11 13 0
1 11 14 0
1 11 15 0
1 11 16 0
1 11 17 0
1 11 18 0
1 11 19 0
1 11 20 0
1 11 21 0
1 11 22 0
1 11 23 0
1 11 24 0
1 11 24 1
1 11 24 2
1 11 24 3
1 11 24 4
1 11 24 5
1 11 24 6
1 11 24 7
1 11 24 8
1 11 24 9
1 11 24 10
1 11 24 11
1 11 24 12
1 11 24 13
1 11 24 14
1 11 24 15
1 11 24 16
1 11 24 17
1 11 24 18
1 11 24 19
1 11 24 20
1 11 24 21
1 11 24 22
1 11 24 23
1 11 0 24
1 11 1 24
1 11 2 24
1 11 3 24
1 11 4 24
1 11 5 24
1 11 6 24
1 11 7 24
1 11 8 24
1 11 9 24
1 11 10 24
1 11 11 24
1 11 12 24
1 11 13 24
1 11 14 24
1 11 15 24
1 11 16 24
1 11 17 24
1 11 18 24
1 11 19 24
1 11 20 24
1 11 21 24
1 11 22 24
1 11 23 24
1 11 24 24
1 12 0 0
1 12 1 0
1 12 2 0
1 12 3 0
1 12 4 0
1 12 5 0
1 12 6 0
1 12 7 0
1 12 8 0
1 12 9 0
1 12 10 0
1 12 11 0
1 12 12 0
1 12 13 0
1 12 14 0
1 12 15 0
1 12 16 0
1 12 17 0
1 12 18 0
1 12 19 0
1 12 20 0
1 12 21 0
1 12 22 0
1 12 23 0
1 12 24 0
1 12 24 1
1 12 24 2
1 12 24 3
1 12 24 4
1 12 24 5
1 12 24 6
1 12 24 7
1 12 24 8
1 12 24 9
1 12 24 10
1 12 24 11
1 12 24 12
1 12 24 13
1 12 24 14
1 12 24 15
1 12 24 16
1 12 24 17
1 12 24 18
1 12 24 19
1 12 24 20
1 12 24 21
1 12 24 22
1 12 24 23
1 12 0 24
1 12 1 24
1 12 2 24
1 12 3 24
1 12 4 24
1 12 5 24
1 12 6 24
1 12 7 24
1 12 8 24
1 12 9 24
1 12 10 24
1 12 11 24
1 12 12 24
1 12 13 24
1 12 14 24
1 12 15 24
1 12 16 24
1 12 17 24
1 12 18 24
1 12 19 24
1 12 20 24
1 12 21 24
1 12 22 24
1 12 23 24
1 12 24 24
1 13 0 0
1 13 1 0
1 13 2 0
1 13 3 0
1 13 4 0
1 13 5 0
1 13 6 0
1 13 7 0
1 13 8 0
1 13 9 0
1 13 10 0
1 13 11 0
1 13 12 0
1 13 13 0
1 13 14 0
1 13 15 0
1 13 16 0
1 13 17 0
1 13 18 0
1 13 19 0
1 13 20 0
1 13 21 0
1 13 22 0
1 13 23 0
1 13 24 0
1 13 24 1
1 13 24 2
1 13 24 3
1 13 24 4
1 13 24 5
1 13 24 6
1 13 24 7
1 13 24 8
1 13 24 9
1 13 24 10
1 13 24 11
1 13 24 12
1 13 24 13
1 13 24 14
1 13 24 15
1 13 24 16
1 13 24 17
1 13 24 18
1 13 24 19
1 13 24 20
1 13 24 21
1 13 24 22
1 13 24 23
1 13 0 24
1 13 1 24
1 13 2 24
1 13 3 24
1 13 4 24
1 13 5 24
1 13 6 24
1 13 7 24
1 13 8 24
1 13 9 24
1 13 10 24
1 13 11 24
1 13 12 24
1 13 13 24
1 13 14 24
1 13 15 24
1 13 16 24
1 13 17 24
1 13 18 24
1 13 19 24
1 13 20 24
1 13 21 24
1 13 22 24
1 13 23 24
1 13 24 24
1 14 0 0
1 14 1 0
1 14 2 0
1 14 3 0
1 14 4 0
1 14 5 0
1 14 6 0
1 14 7 0
1 14 8 0
1 14 9 0
1 14 10 0
1 14 11 0
1 14 12 0
1 14 13 0
1 14 14 0
1 14 15 0
1 14 16 0
1 14 17 0
1 14 18 0
1 14 19 0
1 14 20 0
1 14 21 0
1 14 22 0
1 14 23 0
1 14 24 0
1 14 24 1
1 14 24 2
1 14 24 3
1 14 24 4
1 14 24 5
1 14 24 6
1 14 24 7
1 14 24 8
1 14 24 9
1 14 24 10
1 14 24 11
1 14 24 12
1 14 24 13
1 14 24 14
1 14 24 15
1 14 24 16
1 14 24 17
1 14 24 18
1 14 24 19
1 14 24 20
1 14 24 21
1 14 24 22
1 14 24 23
1 14 0 24
1 14 1 24
1 14 2 24
1 14 3 24
1 14 4 24
1 14 5 24
1 14 6 24
1 14 7 24
1 14 8 24
1 14 9 24
1 14 10 24
1 14 11 24
1 14 12 24
1 14 13 24
1 14 14 24
1 14 15 24
1 14 16 24
1 14 17 24
1 14 18 24
1 14 19 24
1 14 20 24
1 14 21 24
1 14 22 24
1 14 23 24
1 14 24 24
1 15 0 0
1 15 1 0
1 15 2 0
1 15 3 0
1 15 4 0
1 15 5 0
1 15 6 0
1 15 7 0
1 15 8 0
1 15 9 0
1 15 10 0
1 15 11 0
1 15 12 0
1 15 13 0
1 15 14 0
1 15 15 0
1 15 16 0
1 15 17 0
1 15 18 0
1 15 19 0
1 15 20 0
1 15 21 0
1 15 22 0
1 15 23 0
1 15 24 0
1 15 24 1
1 15 24 2
1 15 24 3
1 15 24 4
1 15 24 5
1 15 24 6
1 15 24 7
1 15 24 8
1 15 24 9
1 15 24 10
1 15 24 11
1 15 24 12
1 15 24 13
1 15 24 14
1 15 24 15
1 15 24 16
1 15 24 17
1 15 24 18
1 15 24 19
1 15 24 20
1 15 24 21
1 15 24 22
1 15 24 23
1 15 0 24
1 15 1 24
1 15 2 24
1 15 3 24
1 15 4 24
1 15 5 24
1 15 6 24
1 15 7 24
1 15 8 24
1 15 9 24
1 15 10 24
1 15 11 24
1 15 12 24
1 15 13 24
1 15 14 24
1 15 15 24
1 15 16 24
1 15 17 24
1 15 18 24
1 15 19 24
1 15 20 24
1 15 21 24
1 15 22 24
1 15 23 24
1 15 24 24
1 16 0 0
1 16 1 0
1 16 2 0
1 16 3 0
1 16 4 0
1 16 5 0
1 16 6 0
1 16 7 0
1 16 8 0
1 16 9 0
1 16 10 0
1 16 11 0
1 16 12 0
1 16 13 0
1 16 14 0
1 16 15 0
1 16 16 0
1 16 17 0
1 16 18 0
1 16 19 0
1 16 20 0
1 16 21 0
1 16 22 0
1 16 23 0
1 16 24 0
1 16 24 1
1 16 24 2
1 16 24 3
1 16 24 4
1 16 24 5
1 16 24 6
1 16 24 7
1 16 24 8
1 16 24 9
1 16 24 10
1 16 24 11
1 16 24 12
1 16 24 13
1 16 24 14
1 16 24 15
1 16 24 16
1 16 24 17
1 16 24 18
1 16 24 19
1 16 24 20
1 16 24 21
1 16 24 22
1 16 24 23
1 16 0 24
1 16 1 24
1 16 2 24
1 16 3 24
1 16 4 24
1 16 5 24
1 16 6 24
1 16 7 24
1 16 8 24
1 16 9 24
1 16 10 24
1 16 11 24
1 16 12 24
1 16 13 24
1 16 14 24
1 16 15 24
1 16 16 24
1 16 17 24
1 16 18 24
1 16 19 24
1 16 20 24
1 16 21 24
1 16 22 24
1 16 23 24
1 16 24 24
1 17 0 0
1 17 1 0
1 17 2 0
1 17 3 0
1 17 4 0
1 17 5 0
1 17 6 0
1 17 7 0
1 17 8 0
1 17 9 0
1 17 10 0
1 17 11 0
1 17 12 0
1 17 13 0
1 17 14 0
1 17 15 0
1 17 16 0
1 17 17 0
1 17 18 0
1 17 19 0
1 17 20 0
1 17 21 0
1 17 22 0
1 17 23 0
1 17 24 0
1 17 24 1
1 17 24 2
1 17 24 3
1 17 24 4
1 17 24 5
1 17 24 6
1 17 24 7
1 17 24 8
1 17 24 9
1 17 24 10
1 17 24 11
1 17 24 12
1 17 24 13
1 17 24 14
1 17 24 15
1 17 24 16
1 17 24 17
1 17 24 18
1 17 24 19
1 17 24 20
1 17 24 21
1 17 24 22
1 17 24 23
1 17 0 24
1 17 1 24
1 17 2 24
1 17 3 24
1 17 4 24
1 17 5 24
1 17 6 24
1 17 7 24
1 17 8 24
1 17 9 24
1 17 10 24
1 17 11 24
1 17 12 24
1 17 13 24
1 17 14 24
1 17 15 24
1 17 16 24
1 17 17 24
1 17 18 24
1 17 19 24
1 17 20 24
1 17 21 24
1 17 22 24
1 17 23 24
1 17 24 24
1 18 0 0
1 18 1 0
1 18 2 0
1 18 3 0
1 18 4 0
1 18 5 0
1 18 6 0
1 18 7 0
1 18 8 0
1 18 9 0
1 18 10 0
1 18 11 0
1 18 12 0
1 18 13 0
1 18 14 0
1 18 15 0
1 18 16 0
1 18 17 0
1 18 18 0
1 18 19 0
1 18 20 0
1 18 21 0
1 18 22 0
1 18 23 0
1 18 24 0
1 18 24 1
1 18 24 2
1 18 24 3
1 18 24 4
1 18 24 5
1 18 24 6
1 18 24 7
1 18 24 8
1 18 24 9
1 18 24 10
1 18 24 11
1 18 24 12
1 18 24 13
1 18 24 14
1 18 24 15
1 18 24 16
1 18 24 17
1 18 24 18
1 18 24 19
1 18 24 20
1 18 24 21
1 18 24 22
1 18 24 23
1 18 0 24
1 18 1 24
1 18 2 24
1 18 3 24
1 18 4 24
1 18 5 24
1 18 6 24
1 18 7 24
1 18 8 24
1 18 9 24
1 18 10 24
1 18 11 24
1 18 12 24
1 18 13 24
1 18 14 24
1 18 15 24
1 18 16 24
1 18 17 24
1 18 18 24
1 18 19 24
1 18 20 24
1 18 21 24
1 18 22 24
1 18 23 24
1 18 24 24
1 19 0 0
1 19 1 0
1 19 2 0
1 19 3 0
1 19 4 0
1 19 5 0
1 19 6 0
1 19 7 0
1 19 8 0
1 19 9 0
1 19 10 0
1 19 11 0
1 19 12 0
1 19 13 0
1 19 14 0
1 19 15 0
1 19 16 0
1 19 17 0
1 19 18 0
1 19 19 0
1 19 20 0
1 19 21 0
1 19 22 0
1 19 23 0
1 19 24 0
1 19 24 1
1 19 24 2
1 19 24 3
1 19 24 4
1 19 24 5
1 19 24 6
1 19 24 7
1 19 24 8
1 19 24 9
1 19 24 10
1 19 24 11
1 19 24 12
1 19 24 13
1 19 24 14
1 19 24 15
1 19 24 16
1 19 24 17
1 19 24 18
1 19 24 19
1 19 24 20
1 19 24 21
1 19 24 22
1 19 24 23
1 19 0 24
1 19 1 24
1 19 2 24
1 19 3 24
1 19 4 24
1 19 5 24
1 19 6 24
1 19 7 24
1 19 8 24
1 19 9 24
1 19 10 24
1 19 11 24
1 19 12 24
1 19 13 24
1 19 14 24
1 19 15 24
1 19 16 24
1 19 17 24
1 19 18 24
1 19 19 24
1 19 20 24
1 19 21 24
1 19 22 24
1 19 23 24
1 19 24 24
1 20 0 0
1 20 1 0
1 20 2 0
1 20 3 0
1 20 4 0
1 20 5 0
1 20 6 0
1 20 7 0
1 20 8 0
1 20 9 0
1 20 10 0
1 20 11 0
1 20 12 0
1 20 13 0
1 20 14 0
1 20 15 0
1 20 16 0
1 20 17 0
1 20 18 0
1 20 19 0
1 20 20 0
1 20 21 0
1 20 22 0
1 20 23 0
1 20 24 0
1 20 24 1
1 20 24 2
1 20 24 3
1 20 24 4
1 20 24 5
1 20 24 6
1 20 24 7
1 20 24 8
1 20 24 9
1 20 24 10
1 20 24 11
1 20 24 12
1 20 24 13
1 20 24 14
1 20 24 15
1 20 24 16
1 20 24 17
1 20 24 18
1 20 24 19
1 20 24 20
1 20 24 21
1 20 24 22
1 20 24 23
1 20 0 24
1 20 1 24
1 20 2 24
1 20 3 24
1 20 4 24
1 20 5 24
1 20 6 24
1 20 7 24
1 20 8 24
1 20 9 24
1 20 10 24
1 20 11 24
1 20 12 24
1 20 13 24
1 20 14 24
1 20 15 24
1 20 16 24
1 20 17 24
1 20 18 24
1 20 19 24
1 20 20 24
1 20 21 24
1 20 22 24
1 20 23 24
1 20 24 24
1 21 0 0
1 21 1 0
1 21 2 0
1 21 3 0
1 21 4 0
1 21 5 0
1 21 6 0
1 21 7 0
1 21 8 0
1 21 9 0
1 21 10 0
1 21 11 0
1 21 12 0
1 21 13 0
1 21 14 0
1 21 15 0
1 21 16 0
1 21 17 0
1 21 18 0
1 21 19 0
1 21 20 0
1 21 21 0
1 21 22 0
1 21 23 0
1 21 24 0
1 21 24 1
1 21 24 2
1 21 24 3
1 21 24 4
1 21 24 5
1 21 24 6
1 21 24 7
1 21 24 8
1 21 24 9
1 21 24 10
1 21 24 11
1 21 24 12
1 21 24 13
1 21 24 14
1 21 24 15
1 21 24 16
1 21 24 17
1 21 24 18
1 21 24 19
1 21 24 20
1 21 24 21
1 21 24 22
1 21 24 23
1 21 0 24
1 21 1 24
1 21 2 24
1 21 3 24
1 21 4 24
1 21 5 24
1 21 6 24
1 21 7 24
1 21 8 24
1 21 9 24
1 21 10 24
1 21 11 24
1 21 12 24
1 21 13 24
1 21 14 24
1 21 15 24
1 21 16 24
1 21 17 24
1 21 18 24
1 21 19 24
1 21 20 24
1 21 21 24
1 21 22 24
1 21 23 24
1 21 24 24
1 22 0 0
1 22 1 0
1 22 2 0
1 22 3 0
1 22 4 0
1 22 5 0
1 22 6 0
1 22 7 0
1 22 8 0
1 22 9 0
1 22 10 0
1 22 11 0
1 22 12 0
1 22 13 0
1 22 14 0
1 22 15 0
1 22 16 0
1 22 17 0
1 22 18 0
1 22 19 0
1 22 20 0
1 22 21 0
1 22 22 0
1 22 23 0
1 22 24 0
1 22 24 1
1 22 24 2
1 22 24 3
1 22 24 4
1 22 24 5
1 22 24 6
1 22 24 7
1 22 24 8
1 22 24 9
1 22 24 10
1 22 24 11
1 22 24 12
1 22 24 13
1 22 24 14
1 22 24 15
1 22 24 16
1 22 24 17
1 22 24 18
1 22 24 19
1 22 24 20
1 22 24 21
1 22 24 22
1 22 24 23
1 22 0 24
1 22 1 24
1 22 2 24
1 22 3 24
1 22 4 24
1 22 5 24
1 22 6 24
1 22 7 24
1 22 8 24
1 22 9 24
1 22 10 24
1 22 11 24
1 22 12 24
1 22 13 24
1 22 14 24
1 22 15 24
1 22 16 24
1 22 17 24
1 22 18 24
1 22 19 24
1 22 20 24
1 22 21 24
1 22 22 24
1 22 23 24
1 22 24 24
1 23 0 0
1 23 1 0
1 23 2 0
1 23 3 0
1 23 4 0
1 23 5 0
1 23 6 0
1 23 7 0
1 23 8 0
1 23 9 0
1 23 10 0
1 23 11 0
1 23 12 0
1 23 13 0
1 23 14 0
1 23 15 0
1 23 16 0
1 23 17 0
1 23 18 0
1 23 19 0
1 23 20 0
1 23 21 0
1 23 22 0
1 23 23 0
1 23 24 0
1 23 24 1
1 23 24 2
1 23 24 3
1 23 24 4
1 23 24 5
1 23 24 6
1 23 24 7
1 23 24 8
1 23 24 9
1 23 24 10
1 23 24 11
1 23 24 12
1 23 24 13
1 23 24 14
1 23 24 15
1 23 24 16
1 23 24 17
1 23 24 18
1 23 24 19
1 23 24 20
1 23 24 21
1 23 24 22
1 23 24 23
1 23 0 24
1 23 1 24
1 23 2 24
1 23 3 24
1 23 4 24
1 23 5 24
1 23 6 24
1 23 7 24
1 23 8 24
1 23 9 24
1 23 10 24
1 23 11 24
1 23 12 24
1 23 13 24
1 23 14 24
1 23 15 24
1 23 16 24
1 23 17 24
1 23 18 24
1 23 19 24
1 23 20 24
1 23 21 24
1 23 22 24
1 23 23 24
1 23 24 24
1 24 0 0
1 24 1 0
1 24 2 0
1 24 3 0
1 24 4 0
1 24 5 0
1 24 6 0
1 24 7 0
1 24 8 0
1 24 9 0
1 24 10 0
1 24 11 0
1 24 12 0
1 24 13 0
1 24 14 0
1 24 15 0
1 24 16 0
1 24 17 0
1 24 18 0
1 24 19 0
1 24 20 0
1 24 21 0
1 24 22 0
1 24 23 0
1 24 24 0
1 24 0 1
1 24 1 1
1 24 2 1
1 24 3 1
1 24 4 1
1 24 5 1
1 24 6 1
1 24 7 1
1 24 8 1
1 24 9 1
1 24 10 1
1 24 11 1
1 24 12 1
1 24 13 1
1 24 14 1
1 24 15 1
1 24 16 1
1 24 17 1
1 24 18 1
1 24 19 1
1 24 20 1
1 24 21 1
1 24 22 1
1 24 23 1
1 24 24 1
1 24 0 2
1 24 1 2
1 24 2 2
1 24 3 2
1 24 4 2
1 24 5 2
1 24 6 2
1 24 7 2
1 24 8 2
1 24 9 2
1 24 10 2
1 24 11 2
1 24 12 2
1 24 13 2
1 24 14 2
1 24 15 2
1 24 16 2
1 24 17 2
1 24 18 2
1 24 19 2
1 24 20 2
1 24 21 2
1 24 22 2
1 24 23 2
1 24 24 2
1 24 0 3
1 24 1 3
1 24 2 3
1 24 3 3
1 24 4 3
1 24 5 3
1 24 6 3
1 24 7 3
1 24 8 3
1 24 9 3
1 24 10 3
1 24 11 3
1 24 12 3
1 24 13 3
1 24 14 3
1 24 15 3
1 24 16 3
1 24 17 3
1 24 18 3
1 24 19 3
1 24 20 3
1 24 21 3
1 24 22 3
1 24 23 3
1 24 24 3
1 24 0 4
1 24 1 4
1 24 2 4
1 24 3 4
1 24 4 4
1 24 5 4
1 24 6 4
1 24 7 4
1 24 8 4
1 24 9 4
1 24 10 4
1 24 11 4
1 24 12 4
1 24 13 4
1 24 14 4
1 24 15 4
1 24 16 4
1 24 17 4
1 24 18 4
1 24 19 4
1 24 20 4
1 24 21 4
1 24 22 4
1 24 23 4
1 24 24 4
1 24 0 5
1 24 1 5
1 24 2 5
1 24 3 5
1 24 4 5
1 24 5 5
1 24 6 5
1 24 7 5
1 24 8 5
1 24 9 5
1 24 10 5
1 24 11 5
1 24 12 5
1 24 13 5
1 24 14 5
1 24 15 5
1 24 16 5
1 24 17 5
1 24 18 5
1 24 19 5
1 24 20 5
1 24 21 5
1 24 22 5
1 24 23 5
1 24 24 5
1 24 0 6
1 24 1 6
1 24 2 6
1 24 3 6
1 24 4 6
1 24 5 6
1 24 6 6
1 24 7 6
1 24 8 6
1 24 9 6
1 24 10 6
1 24 11 6
1 24 12 6
1 24 13 6
1 24 14 6
1 24 15 6
1 24 16 6
1 24 17 6
1 24 18 6
1 24 19 6
1 24 20 6
1 24 21 6
1 24 22 6
1 24 23 6
1 24 24 6
1 24 0 7
1 24 1 7
1 24 2 7
1 24 3 7
1 24 4 7
1 24 5 7
1 24 6 7
1 24 7 7
1 24 8 7
1 24 9 7
1 24 10 7
1 24 11 7
1 24 12 7
1 24 13 7
1 24 14 7
1 24 15 7
1 24 16 7
1 24 17 7
1 24 18 7
1 24 19 7
1 24 20 7
1 24 21 7
1 24 22 7
1 24 23 7
1 24 24 7
1 24 0 8
1 24 1 8
1 24 2 8
1 24 3 8
1 24 4 8
1 24 5 8
1 24 6 8
1 24 7 8
1 24 8 8
1 24 9 8
1 24 10 8
1 24 11 8
1 24 12 8
1 24 13 8
1 24 14 8
1 24 15 8
1 24 16 8
1 24 17 8
1 24 18 8
1 24 19 8
1 24 20 8
1 24 21 8
1 24 22 8
1 24 23 8
1 24 24 8
1 24 0 9
1 24 1 9
1 24 2 9
1 24 3 9
1 24 4 9
1 24 5 9
1 24 6 9
1 24 7 9
1 24 8 9
1 24 9 9
1 24 10 9
1 24 11 9
1 24 12 9
1 24 13 9
1 24 14 9
1 24 15 9
1 24 16 9
1 24 17 9
1 24 18 9
1 24 19 9
1 24 20 9
1 24 21 9
1 24 22 9
1 24 23 9
1 24 24 9
1 24 0 10
1 24 1 10
1 24 2 10
1 24 3 10
1 24 4 10
1 24 5 10
1 24 6 10
1 24 7 10
1 24 8 10
1 24 9 10
1 24 10 10
1 24 11 10
1 24 12 10
1 24 13 10
1 24 14 10
1 24 15 10
1 24 16 10
1 24 17 10
1 24 18 10
1 24 19 10
1 24 20 10
1 24 21 10
1 24 22 10
1 24 23 10
1 24 24 10
1 24 0 11
1 24 1 11
1 24 2 11
1 24 3 11
1 24 4 11
1 24 5 11
1 24 6 11
1 24 7 11
1 24 8 11
1 24 9 11
1 24 10 11
1 24 11 11
1 24 12 11
1 24 13 11
1 24 14 11
1 24 15 11
1 24 16 11
1 24 17 11
1 24 18 11
1 24 19 11
1 24 20 11
1 24 21 11
1 24 22 11
1 24 23 11
1 24 24 11
1 24 0 12
1 24 1 12
1 24 2 12
1 24 3 12
1 24 4 12
1 24 5 12
1 24 6 12
1 24 7 12
1 24 8 12
1 24 9 12
1 24 10 12
1 24 11 12
1 24 12 12
1 24 13 12
1 24 14 12
1 24 15 12
1 24 16 12
1 24 17 12
1 24 18 12
1 24 19 12
1 24 20 12
1 24 21 12
1 24 22 12
1 24 23 12
1 24 24 12
1 24 0 13
1 24 1 13
1 24 2 13
1 24 3 13
1 24 4 13
1 24 5 13
1 24 6 13
1 24 7 13
1 24 8 13
1 24 9 13
1 24 10 13
1 24 11 13
1 24 12 13
1 24 13 13
1 24 14 13
1 24 15 13
1 24 16 13
1 24 17 13
1 24 18 13
1 24 19 13
1 24 20 13
1 24 21 13
1 24 22 13
1 24 23 13
1 24 24 13
1 24 0 14
1 24 1 14
1 24 2 14
1 24 3 14
1 24 4 14
1 24 5 14
1 24 6 14
1 24 7 14
1 24 8 14
1 24 9 14
1 24 10 14
1 24 11 14
1 24 12 14
1 24 13 14
1 24 14 14
1 24 15 14
1 24 16 14
1 24 17 14
1 24 18 14
1 24 19 14
1 24 20 14
1 24 21 14
1 24 22 14
1 24 23 14
1 24 24 14
1 24 0 15
1 24 1 15
1 24 2 15
1 24 3 15
1 24 4 15
1 24 5 15
1 24 6 15
1 24 7 15
1 24 8 15
1 24 9 15
1 24 10 15
1 24 11 15
1 24 12 15
1 24 13 15
1 24 14 15
1 24 15 15
1 24 16 15
1 24 17 15
1 24 18 15
1 24 19 15
1 24 20 15
1 24 21 15
1 24 22 15
1 24 23 15
1 24 24 15
1 24 0 16
1 24 1 16
1 24 2 16
1 24 3 16
1 24 4 16
1 24 5 16
1 24 6 16
1 24 7 16
1 24 8 16
1 24 9 16
1 24 10 16
1 24 11 16
1 24 12 16
1 24 13 16
1 24 14 16
1 24 15 16
1 24 16 16
1 24 17 16
1 24 18 16
1 24 19 16
1 24 20 16
1 24 21 16
1 24 22 16
1 24 23 16
1 24 24 16
1 24 0 17
1 24 1 17
1 24 2 17
1 24 3 17
1 24 4 17
1 24 5 17
1 24 6 17
1 24 7 17
1 24 8 17
1 24 9 17
1 24 10 17
1 24 11 17
1 24 12 17
1 24 13 17
1 24 14 17
1 24 15 17
1 24 16 17
1 24 17 17
1 24 18 17
1 24 19 17
1 24 20 17
1 24 21 17
1 24 22 17
1 24 23 17
1 24 24 17
1 24 0 18
1 24 1 18
1 24 2 18
1 24 3 18
1 24 4 18
1 24 5 18
1 24 6 18
1 24 7 18
1 24 8 18
1 24 9 18
1 24 10 18
1 24 11 18
1 24 12 18
1 24 13 18
1 24 14 18
1 24 15 18
1 24 16 18
1 24 17 18
1 24 18 18
1 24 19 18
1 24 20 18
1 24 21 18
1 24 22 18
1 24 23 18
1 24 24 18
1 24 0 19
1 24 1 19
1 24 2 19
1 24 3 19
1 24 4 19
1 24 5 19
1 24 6 19
1 24 7 19
1 24 8 19
1 24 9 19
1 24 10 19
1 24 11 19
1 24 12 19
1 24 13 19
1 24 14 19
1 24 15 19
1 24 16 19
1 24 17 19
1 24 18 19
1 24 19 19
1 24 20 19
1 24 21 19
1 24 22 19
1 24 23 19
1 24 24 19
1 24 0 20
1 24 1 20
1 24 2 20
1 24 3 20
1 24 4 20
1 24 5 20
1 24 6 20
1 24 7 20
1 24 8 20
1 24 9 20
1 24 10 20
1 24 11 20
1 24 12 20
1 24 13 20
1 24 14 20
1 24 15 20
1 24 16 20
1 24 17 20
1 24 18 20
1 24 19 20
1 24 20 20
1 24 21 20
1 24 22 20
1 24 23 20
1 24 24 20
1 24 0 21
1 24 1 21
1 24 2 21
1 24 3 21
1 24 4 21
1 24 5 21
1 24 6 21
1 24 7 21
1 24 8 21
1 24 9 21
1 24 10 21
1 24 11 21
1 24 12 21
1 24 13 21
1 24 14 21
1 24 15 21
1 24 16 21
1 24 17 21
1 24 18 21
1 24 19 21
1 24 20 21
1 24 21 21
1 24 22 21
1 24 23 21
1 24 24 21
1 24 0 22
1 24 1 22
1 24 2 22
1 24 3 22
1 24 4 22
1 24 5 22
1 24 6 22
1 24 7 22
1 24 8 22
1 24 9 22
1 24 10 22
1 24 11 22
1 24 12 22
1 24 13 22
1 24 14 22
1 24 15 22
1 24 16 22
1 24 17 22
1 24 18 22
1 24 19 22
1 24 20 22
1 24 21 22
1 24 22 22
1 24 23 22
1 24 24 22
1 24 0 23
1 24 1 23
1 24 2 23
1 24 3 23
1 24 4 23
1 24 5 23
1 24 6 23
1 24 7 23
1 24 8 23
1 24 9 23
1 24 10 23
1 24 11 23
1 24 12 23
1 24 13 23
1 24 14 23
1 24 15 23
1 24 16 23
1 24 17 23
1 24 18 23
1 24 19 23
1 24 20 23
1 24 21 23
1 24 22 23
1 24 23 23
1 24 24 23
1 24 0 24
1 24 1 24
1 24 2 24
1 24 3 24
1 24 4 24
1 24 5 24
1 24 6 24
1 24 7 24
1 24 8 24
1 24 9 24
1 24 10 24
1 24 11 24
1 24 12 24
1 24 13 24
1 24 14 24
1 24 15 24
1 24 16 24
1 24 17 24
1 24 18 24
1 24 19 24
1 24 20 24
1 24 21 24
1 24 22 24
1 24 23 24
1 24 24 24
