1 0 4 776
1 0 5 776
1 0 4 388
1 0 4 392
1 1 4 388
1 1 4 392
1 2 4 388
1 2 4 392
1 3 4 388
1 3 4 392
1 4 4 388
1 4 4 392
1 5 4 388
1 5 4 392
1 6 4 388
1 6 4 392
1 7 4 388
1 7 4 392
1 8 4 388
1 8 4 392
1 9 4 388
1 9 4 392
1 10 4 388
1 10 4 392
1 11 4 388
1 11 4 392
1 12 4 388
1 12 4 392
1 13 4 388
1 13 4 392
1 14 4 388
1 14 4 392
1 15 4 388
1 15 4 392
1 16 4 388
1 16 4 392
1 17 4 388
1 17 4 392
1 18 4 388
1 18 4 392
1 19 4 388
1 19 4 392
1 20 4 388
1 20 4 392
1 21 4 388
1 21 4 392
1 22 4 388
1 22 4 392
1 23 4 388
1 23 4 392
1 24 4 388
1 24 4 392
1 25 4 388
1 25 4 392
1 26 4 388
1 26 4 392
1 27 4 388
1 27 4 392
1 28 4 388
1 28 4 392
1 29 4 388
1 29 4 392
1 30 4 388
1 30 4 392
1 31 4 388
1 31 4 392
1 32 4 388
1 32 4 392
1 33 4 388
1 33 4 392
1 34 4 388
1 34 4 392
1 35 4 388
1 35 4 392
1 36 4 388
1 36 4 392
1 37 4 388
1 37 4 392
1 38 4 388
1 38 4 392
1 39 4 388
1 39 4 392
1 40 4 388
1 40 4 392
1 41 4 388
1 41 4 392
1 42 4 388
1 42 4 392
1 43 4 388
1 43 4 392
1 44 4 388
1 44 4 392
1 45 4 388
1 45 4 392
1 46 4 388
1 46 4 392
1 47 4 388
1 47 4 392
1 48 4 388
1 48 4 392
1 49 4 388
1 49 4 392
1 50 4 388
1 50 4 392
1 51 4 388
1 51 4 392
1 52 4 388
1 52 4 392
1 53 4 388
1 53 4 392
1 54 4 388
1 54 4 392
1 55 4 388
1 55 4 392
1 56 4 388
1 56 4 392
1 57 4 388
1 57 4 392
1 58 4 388
1 58 4 392
1 59 4 388
1 59 4 392
1 60 4 388
1 60 4 392
1 61 4 388
1 61 4 392
1 62 4 388
1 62 4 392
1 63 4 388
1 63 4 392
1 64 4 388
1 64 4 392
1 65 4 388
1 65 4 392
1 66 4 388
1 66 4 392
1 67 4 388
1 67 4 392
1 68 4 388
1 68 4 392
1 69 4 388
1 69 4 392
1 70 4 388
1 70 4 392
1 71 4 388
1 71 4 392
1 72 4 388
1 72 4 392
1 73 4 388
1 73 4 392
1 74 4 388
1 74 4 392
1 75 4 388
1 75 4 392
1 76 4 388
1 76 4 392
1 77 4 388
1 77 4 392
1 78 4 388
1 78 4 392
1 79 4 388
1 79 4 392
1 80 4 388
1 80 4 392
1 81 4 388
1 81 4 392
1 82 4 388
1 82 4 392
1 83 4 388
1 83 4 392
1 84 4 388
1 84 4 392
1 85 4 388
1 85 4 392
1 86 4 388
1 86 4 392
1 87 4 388
1 87 4 392
1 88 4 388
1 88 4 392
1 89 4 388
1 89 4 392
1 90 4 388
1 90 4 392
1 91 4 388
1 91 4 392
1 92 4 388
1 92 4 392
1 93 4 388
1 93 4 392
1 94 4 388
1 94 4 392
1 95 4 388
1 95 4 392
1 96 4 388
1 96 4 392
1 97 4 388
1 97 4 392
1 98 4 388
1 98 4 392
1 99 4 388
1 99 4 392
1 100 4 388
1 100 4 392
1 101 4 388
1 101 4 392
1 102 4 388
1 102 4 392
1 103 4 388
1 103 4 392
1 104 4 388
1 104 4 392
1 105 4 388
1 105 4 392
1 106 4 388
1 106 4 392
1 107 4 388
1 107 4 392
1 108 4 388
1 108 4 392
1 109 4 388
1 109 4 392
1 110 4 388
1 110 4 392
1 111 4 388
1 111 4 392
1 112 4 388
1 112 4 392
1 113 4 388
1 113 4 392
1 114 4 388
1 114 4 392
1 115 4 388
1 115 4 392
1 116 4 388
1 116 4 392
1 117 4 388
1 117 4 392
1 118 4 388
1 118 4 392
1 119 4 388
1 119 4 392
1 120 4 388
1 120 4 392
1 121 4 388
1 121 4 392
1 122 4 388
1 122 4 392
1 123 4 388
1 123 4 392
1 124 4 388
1 124 4 392
1 125 4 388
1 125 4 392
1 126 4 388
1 126 4 392
1 127 4 388
1 127 4 392
1 128 4 388
1 128 4 392
1 129 4 388
1 129 4 392
1 130 4 388
1 130 4 392
1 131 4 388
1 131 4 392
1 132 4 388
1 132 4 392
1 133 4 388
1 133 4 392
1 134 4 388
1 134 4 392
1 135 4 388
1 135 4 392
1 136 4 388
1 136 4 392
1 137 4 388
1 137 4 392
1 138 4 388
1 138 4 392
1 139 4 388
1 139 4 392
1 140 4 388
1 140 4 392
1 141 4 388
1 141 4 392
1 142 4 388
1 142 4 392
1 143 4 388
1 143 4 392
1 144 4 388
1 144 4 392
1 145 4 388
1 145 4 392
1 146 4 388
1 146 4 392
1 147 4 388
1 147 4 392
1 148 4 388
1 148 4 392
1 149 4 388
1 149 4 392
1 150 4 388
1 150 4 392
1 151 4 388
1 151 4 392
1 152 4 388
1 152 4 392
1 153 4 388
1 153 4 392
1 154 4 388
1 154 4 392
1 155 4 388
1 155 4 392
1 156 4 388
1 156 4 392
1 157 4 388
1 157 4 392
1 158 4 388
1 158 4 392
1 159 4 388
1 159 4 392
1 160 4 388
1 160 4 392
1 161 4 388
1 161 4 392
1 162 4 388
1 162 4 392
1 163 4 388
1 163 4 392
1 164 4 388
1 164 4 392
1 165 4 388
1 165 4 392
1 166 4 388
1 166 4 392
1 167 4 388
1 167 4 392
1 168 4 388
1 168 4 392
1 169 4 388
1 169 4 392
1 170 4 388
1 170 4 392
1 171 4 388
1 171 4 392
1 172 4 388
1 172 4 392
1 173 4 388
1 173 4 392
1 174 4 388
1 174 4 392
1 175 4 388
1 175 4 392
1 176 4 388
1 176 4 392
1 177 4 388
1 177 4 392
1 178 4 388
1 178 4 392
1 179 4 388
1 179 4 392
1 180 4 388
1 180 4 392
1 181 4 388
1 181 4 392
1 182 4 388
1 182 4 392
1 183 4 388
1 183 4 392
1 184 4 388
1 184 4 392
1 185 4 388
1 185 4 392
1 186 4 388
1 186 4 392
1 187 4 388
1 187 4 392
1 188 4 388
1 188 4 392
1 189 4 388
1 189 4 392
1 190 4 388
1 190 4 392
1 191 4 388
1 191 4 392
1 192 4 388
1 192 4 392
1 193 4 388
1 193 4 392
1 194 4 388
1 194 4 392
1 195 4 388
1 195 4 392
1 196 4 388
1 196 4 392
1 197 4 388
1 197 4 392
1 198 4 388
1 198 4 392
1 199 4 388
1 199 4 392
1 200 4 388
1 200 4 392
1 201 4 388
1 201 4 392
1 202 4 388
1 202 4 392
1 203 4 388
1 203 4 392
1 204 4 388
1 204 4 392
1 205 4 388
1 205 4 392
1 206 4 388
1 206 4 392
1 207 4 388
1 207 4 392
1 208 4 388
1 208 4 392
1 209 4 388
1 209 4 392
1 210 4 388
1 210 4 392
1 211 4 388
1 211 4 392
1 212 4 388
1 212 4 392
1 213 4 388
1 213 4 392
1 214 4 388
1 214 4 392
1 215 4 388
1 215 4 392
1 216 4 388
1 216 4 392
1 217 4 388
1 217 4 392
1 218 4 388
1 218 4 392
1 219 4 388
1 219 4 392
1 220 4 388
1 220 4 392
1 221 4 388
1 221 4 392
1 222 4 388
1 222 4 392
1 223 4 388
1 223 4 392
1 224 4 388
1 224 4 392
1 225 4 388
1 225 4 392
1 226 4 388
1 226 4 392
1 227 4 388
1 227 4 392
1 228 4 388
1 228 4 392
1 229 4 388
1 229 4 392
1 230 4 388
1 230 4 392
1 231 4 388
1 231 4 392
1 232 4 388
1 232 4 392
1 233 4 388
1 233 4 392
1 234 4 388
1 234 4 392
1 235 4 388
1 235 4 392
1 236 4 388
1 236 4 392
1 237 4 388
1 237 4 392
1 238 4 388
1 238 4 392
1 239 4 388
1 239 4 392
1 240 4 388
1 240 4 392
1 241 4 388
1 241 4 392
1 242 4 388
1 242 4 392
1 243 4 388
1 243 4 392
1 244 4 388
1 244 4 392
1 245 4 388
1 245 4 392
1 246 4 388
1 246 4 392
1 247 4 388
1 247 4 392
1 248 4 388
1 248 4 392
1 249 4 388
1 249 4 392
1 250 4 388
1 250 4 392
1 251 4 388
1 251 4 392
1 252 4 388
1 252 4 392
1 253 4 388
1 253 4 392
1 254 4 388
1 254 4 392
1 255 4 388
1 255 4 392
1 256 4 388
1 256 4 392
1 257 4 388
1 257 4 392
1 258 4 388
1 258 4 392
1 259 4 388
1 259 4 392
1 260 4 388
1 260 4 392
1 261 4 388
1 261 4 392
1 262 4 388
1 262 4 392
1 263 4 388
1 263 4 392
1 264 4 388
1 264 4 392
1 265 4 388
1 265 4 392
1 266 4 388
1 266 4 392
1 267 4 388
1 267 4 392
1 268 4 388
1 268 4 392
1 269 4 388
1 269 4 392
1 270 4 388
1 270 4 392
1 271 4 388
1 271 4 392
1 272 4 388
1 272 4 392
1 273 4 388
1 273 4 392
1 274 4 388
1 274 4 392
1 275 4 388
1 275 4 392
1 276 4 388
1 276 4 392
1 277 4 388
1 277 4 392
1 278 4 388
1 278 4 392
1 279 4 388
1 279 4 392
1 280 4 388
1 280 4 392
1 281 4 388
1 281 4 392
1 282 4 388
1 282 4 392
1 283 4 388
1 283 4 392
1 284 4 388
1 284 4 392
1 285 4 388
1 285 4 392
1 286 4 388
1 286 4 392
1 287 4 388
1 287 4 392
1 288 4 388
1 288 4 392
1 289 4 388
1 289 4 392
1 290 4 388
1 290 4 392
1 291 4 388
1 291 4 392
1 292 4 388
1 292 4 392
1 293 4 388
1 293 4 392
1 294 4 388
1 294 4 392
1 295 4 388
1 295 4 392
1 296 4 388
1 296 4 392
1 297 4 388
1 297 4 392
1 298 4 388
1 298 4 392
1 299 4 388
1 299 4 392
1 300 4 388
1 300 4 392
1 301 4 388
1 301 4 392
1 302 4 388
1 302 4 392
1 303 4 388
1 303 4 392
1 304 4 388
1 304 4 392
1 305 4 388
1 305 4 392
1 306 4 388
1 306 4 392
1 307 4 388
1 307 4 392
1 308 4 388
1 308 4 392
1 309 4 388
1 309 4 392
1 310 4 388
1 310 4 392
1 311 4 388
1 311 4 392
1 312 4 388
1 312 4 392
1 313 4 388
1 313 4 392
1 314 4 388
1 314 4 392
1 315 4 388
1 315 4 392
1 316 4 388
1 316 4 392
1 317 4 388
1 317 4 392
1 318 4 388
1 318 4 392
1 319 4 388
1 319 4 392
1 320 4 388
1 320 4 392
1 321 4 388
1 321 4 392
1 322 4 388
1 322 4 392
1 323 4 388
1 323 4 392
1 324 4 388
1 324 4 392
1 325 4 388
1 325 4 392
1 326 4 388
1 326 4 392
1 327 4 388
1 327 4 392
1 328 4 388
1 328 4 392
1 329 4 388
1 329 4 392
1 330 4 388
1 330 4 392
1 331 4 388
1 331 4 392
1 332 4 388
1 332 4 392
1 333 4 388
1 333 4 392
1 334 4 388
1 334 4 392
1 335 4 388
1 335 4 392
1 336 4 388
1 336 4 392
1 337 4 388
1 337 4 392
1 338 4 388
1 338 4 392
1 339 4 388
1 339 4 392
1 340 4 388
1 340 4 392
1 341 4 388
1 341 4 392
1 342 4 388
1 342 4 392
1 343 4 388
1 343 4 392
1 344 4 388
1 344 4 392
1 345 4 388
1 345 4 392
1 346 4 388
1 346 4 392
1 347 4 388
1 347 4 392
1 348 4 388
1 348 4 392
1 349 4 388
1 349 4 392
1 350 4 388
1 350 4 392
1 351 4 388
1 351 4 392
1 352 4 388
1 352 4 392
1 353 4 388
1 353 4 392
1 354 4 388
1 354 4 392
1 355 4 388
1 355 4 392
1 356 4 388
1 356 4 392
1 357 4 388
1 357 4 392
1 358 4 388
1 358 4 392
1 359 4 388
1 359 4 392
1 360 4 388
1 360 4 392
1 361 4 388
1 361 4 392
1 362 4 388
1 362 4 392
1 363 4 388
1 363 4 392
1 364 4 388
1 364 4 392
1 365 4 388
1 365 4 392
1 366 4 388
1 366 4 392
1 367 4 388
1 367 4 392
1 368 4 388
1 368 4 392
1 369 4 388
1 369 4 392
1 370 4 388
1 370 4 392
1 371 4 388
1 371 4 392
1 372 4 388
1 372 4 392
1 373 4 388
1 373 4 392
1 374 4 388
1 374 4 392
1 375 4 388
1 375 4 392
1 376 4 388
1 376 4 392
1 377 4 388
1 377 4 392
1 378 4 388
1 378 4 392
1 379 4 388
1 379 4 392
1 380 4 388
1 380 4 392
1 381 4 388
1 381 4 392
1 382 4 388
1 382 4 392
1 383 4 388
1 383 4 392
1 384 4 388
1 384 4 392
1 385 4 388
1 385 4 392
1 386 4 388
1 386 4 392
1 387 4 388
1 387 4 392
1 388 4 388
1 388 4 389
1 388 4 390
1 388 4 391
1 388 4 392
1 389 4 388
1 389 4 392
1 390 4 388
1 390 4 392
1 391 4 388
1 391 4 392
1 392 4 388
1 392 4 389
1 392 4 390
1 392 4 391
1 392 4 392
1 0 5 388
1 0 5 392
1 1 5 388
1 1 5 392
1 2 5 388
1 2 5 392
1 3 5 388
1 3 5 392
1 4 5 388
1 4 5 392
1 5 5 388
1 5 5 392
1 6 5 388
1 6 5 392
1 7 5 388
1 7 5 392
1 8 5 388
1 8 5 392
1 9 5 388
1 9 5 392
1 10 5 388
1 10 5 392
1 11 5 388
1 11 5 392
1 12 5 388
1 12 5 392
1 13 5 388
1 13 5 392
1 14 5 388
1 14 5 392
1 15 5 388
1 15 5 392
1 16 5 388
1 16 5 392
1 17 5 388
1 17 5 392
1 18 5 388
1 18 5 392
1 19 5 388
1 19 5 392
1 20 5 388
1 20 5 392
1 21 5 388
1 21 5 392
1 22 5 388
1 22 5 392
1 23 5 388
1 23 5 392
1 24 5 388
1 24 5 392
1 25 5 388
1 25 5 392
1 26 5 388
1 26 5 392
1 27 5 388
1 27 5 392
1 28 5 388
1 28 5 392
1 29 5 388
1 29 5 392
1 30 5 388
1 30 5 392
1 31 5 388
1 31 5 392
1 32 5 388
1 32 5 392
1 33 5 388
1 33 5 392
1 34 5 388
1 34 5 392
1 35 5 388
1 35 5 392
1 36 5 388
1 36 5 392
1 37 5 388
1 37 5 392
1 38 5 388
1 38 5 392
1 39 5 388
1 39 5 392
1 40 5 388
1 40 5 392
1 41 5 388
1 41 5 392
1 42 5 388
1 42 5 392
1 43 5 388
1 43 5 392
1 44 5 388
1 44 5 392
1 45 5 388
1 45 5 392
1 46 5 388
1 46 5 392
1 47 5 388
1 47 5 392
1 48 5 388
1 48 5 392
1 49 5 388
1 49 5 392
1 50 5 388
1 50 5 392
1 51 5 388
1 51 5 392
1 52 5 388
1 52 5 392
1 53 5 388
1 53 5 392
1 54 5 388
1 54 5 392
1 55 5 388
1 55 5 392
1 56 5 388
1 56 5 392
1 57 5 388
1 57 5 392
1 58 5 388
1 58 5 392
1 59 5 388
1 59 5 392
1 60 5 388
1 60 5 392
1 61 5 388
1 61 5 392
1 62 5 388
1 62 5 392
1 63 5 388
1 63 5 392
1 64 5 388
1 64 5 392
1 65 5 388
1 65 5 392
1 66 5 388
1 66 5 392
1 67 5 388
1 67 5 392
1 68 5 388
1 68 5 392
1 69 5 388
1 69 5 392
1 70 5 388
1 70 5 392
1 71 5 388
1 71 5 392
1 72 5 388
1 72 5 392
1 73 5 388
1 73 5 392
1 74 5 388
1 74 5 392
1 75 5 388
1 75 5 392
1 76 5 388
1 76 5 392
1 77 5 388
1 77 5 392
1 78 5 388
1 78 5 392
1 79 5 388
1 79 5 392
1 80 5 388
1 80 5 392
1 81 5 388
1 81 5 392
1 82 5 388
1 82 5 392
1 83 5 388
1 83 5 392
1 84 5 388
1 84 5 392
1 85 5 388
1 85 5 392
1 86 5 388
1 86 5 392
1 87 5 388
1 87 5 392
1 88 5 388
1 88 5 392
1 89 5 388
1 89 5 392
1 90 5 388
1 90 5 392
1 91 5 388
1 91 5 392
1 92 5 388
1 92 5 392
1 93 5 388
1 93 5 392
1 94 5 388
1 94 5 392
1 95 5 388
1 95 5 392
1 96 5 388
1 96 5 392
1 97 5 388
1 97 5 392
1 98 5 388
1 98 5 392
1 99 5 388
1 99 5 392
1 100 5 388
1 100 5 392
1 101 5 388
1 101 5 392
1 102 5 388
1 102 5 392
1 103 5 388
1 103 5 392
1 104 5 388
1 104 5 392
1 105 5 388
1 105 5 392
1 106 5 388
1 106 5 392
1 107 5 388
1 107 5 392
1 108 5 388
1 108 5 392
1 109 5 388
1 109 5 392
1 110 5 388
1 110 5 392
1 111 5 388
1 111 5 392
1 112 5 388
1 112 5 392
1 113 5 388
1 113 5 392
1 114 5 388
1 114 5 392
1 115 5 388
1 115 5 392
1 116 5 388
1 116 5 392
1 117 5 388
1 117 5 392
1 118 5 388
1 118 5 392
1 119 5 388
1 119 5 392
1 120 5 388
1 120 5 392
1 121 5 388
1 121 5 392
1 122 5 388
1 122 5 392
1 123 5 388
1 123 5 392
1 124 5 388
1 124 5 392
1 125 5 388
1 125 5 392
1 126 5 388
1 126 5 392
1 127 5 388
1 127 5 392
1 128 5 388
1 128 5 392
1 129 5 388
1 129 5 392
1 130 5 388
1 130 5 392
1 131 5 388
1 131 5 392
1 132 5 388
1 132 5 392
1 133 5 388
1 133 5 392
1 134 5 388
1 134 5 392
1 135 5 388
1 135 5 392
1 136 5 388
1 136 5 392
1 137 5 388
1 137 5 392
1 138 5 388
1 138 5 392
1 139 5 388
1 139 5 392
1 140 5 388
1 140 5 392
1 141 5 388
1 141 5 392
1 142 5 388
1 142 5 392
1 143 5 388
1 143 5 392
1 144 5 388
1 144 5 392
1 145 5 388
1 145 5 392
1 146 5 388
1 146 5 392
1 147 5 388
1 147 5 392
1 148 5 388
1 148 5 392
1 149 5 388
1 149 5 392
1 150 5 388
1 150 5 392
1 151 5 388
1 151 5 392
1 152 5 388
1 152 5 392
1 153 5 388
1 153 5 392
1 154 5 388
1 154 5 392
1 155 5 388
1 155 5 392
1 156 5 388
1 156 5 392
1 157 5 388
1 157 5 392
1 158 5 388
1 158 5 392
1 159 5 388
1 159 5 392
1 160 5 388
1 160 5 392
1 161 5 388
1 161 5 392
1 162 5 388
1 162 5 392
1 163 5 388
1 163 5 392
1 164 5 388
1 164 5 392
1 165 5 388
1 165 5 392
1 166 5 388
1 166 5 392
1 167 5 388
1 167 5 392
1 168 5 388
1 168 5 392
1 169 5 388
1 169 5 392
1 170 5 388
1 170 5 392
1 171 5 388
1 171 5 392
1 172 5 388
1 172 5 392
1 173 5 388
1 173 5 392
1 174 5 388
1 174 5 392
1 175 5 388
1 175 5 392
1 176 5 388
1 176 5 392
1 177 5 388
1 177 5 392
1 178 5 388
1 178 5 392
1 179 5 388
1 179 5 392
1 180 5 388
1 180 5 392
1 181 5 388
1 181 5 392
1 182 5 388
1 182 5 392
1 183 5 388
1 183 5 392
1 184 5 388
1 184 5 392
1 185 5 388
1 185 5 392
1 186 5 388
1 186 5 392
1 187 5 388
1 187 5 392
1 188 5 388
1 188 5 392
1 189 5 388
1 189 5 392
1 190 5 388
1 190 5 392
1 191 5 388
1 191 5 392
1 192 5 388
1 192 5 392
1 193 5 388
1 193 5 392
1 194 5 388
1 194 5 392
1 195 5 388
1 195 5 392
1 196 5 388
1 196 5 392
1 197 5 388
1 197 5 392
1 198 5 388
1 198 5 392
1 199 5 388
1 199 5 392
1 200 5 388
1 200 5 392
1 201 5 388
1 201 5 392
1 202 5 388
1 202 5 392
1 203 5 388
1 203 5 392
1 204 5 388
1 204 5 392
1 205 5 388
1 205 5 392
1 206 5 388
1 206 5 392
1 207 5 388
1 207 5 392
1 208 5 388
1 208 5 392
1 209 5 388
1 209 5 392
1 210 5 388
1 210 5 392
1 211 5 388
1 211 5 392
1 212 5 388
1 212 5 392
1 213 5 388
1 213 5 392
1 214 5 388
1 214 5 392
1 215 5 388
1 215 5 392
1 216 5 388
1 216 5 392
1 217 5 388
1 217 5 392
1 218 5 388
1 218 5 392
1 219 5 388
1 219 5 392
1 220 5 388
1 220 5 392
1 221 5 388
1 221 5 392
1 222 5 388
1 222 5 392
1 223 5 388
1 223 5 392
1 224 5 388
1 224 5 392
1 225 5 388
1 225 5 392
1 226 5 388
1 226 5 392
1 227 5 388
1 227 5 392
1 228 5 388
1 228 5 392
1 229 5 388
1 229 5 392
1 230 5 388
1 230 5 392
1 231 5 388
1 231 5 392
1 232 5 388
1 232 5 392
1 233 5 388
1 233 5 392
1 234 5 388
1 234 5 392
1 235 5 388
1 235 5 392
1 236 5 388
1 236 5 392
1 237 5 388
1 237 5 392
1 238 5 388
1 238 5 392
1 239 5 388
1 239 5 392
1 240 5 388
1 240 5 392
1 241 5 388
1 241 5 392
1 242 5 388
1 242 5 392
1 243 5 388
1 243 5 392
1 244 5 388
1 244 5 392
1 245 5 388
1 245 5 392
1 246 5 388
1 246 5 392
1 247 5 388
1 247 5 392
1 248 5 388
1 248 5 392
1 249 5 388
1 249 5 392
1 250 5 388
1 250 5 392
1 251 5 388
1 251 5 392
1 252 5 388
1 252 5 392
1 253 5 388
1 253 5 392
1 254 5 388
1 254 5 392
1 255 5 388
1 255 5 392
1 256 5 388
1 256 5 392
1 257 5 388
1 257 5 392
1 258 5 388
1 258 5 392
1 259 5 388
1 259 5 392
1 260 5 388
1 260 5 392
1 261 5 388
1 261 5 392
1 262 5 388
1 262 5 392
1 263 5 388
1 263 5 392
1 264 5 388
1 264 5 392
1 265 5 388
1 265 5 392
1 266 5 388
1 266 5 392
1 267 5 388
1 267 5 392
1 268 5 388
1 268 5 392
1 269 5 388
1 269 5 392
1 270 5 388
1 270 5 392
1 271 5 388
1 271 5 392
1 272 5 388
1 272 5 392
1 273 5 388
1 273 5 392
1 274 5 388
1 274 5 392
1 275 5 388
1 275 5 392
1 276 5 388
1 276 5 392
1 277 5 388
1 277 5 392
1 278 5 388
1 278 5 392
1 279 5 388
1 279 5 392
1 280 5 388
1 280 5 392
1 281 5 388
1 281 5 392
1 282 5 388
1 282 5 392
1 283 5 388
1 283 5 392
1 284 5 388
1 284 5 392
1 285 5 388
1 285 5 392
1 286 5 388
1 286 5 392
1 287 5 388
1 287 5 392
1 288 5 388
1 288 5 392
1 289 5 388
1 289 5 392
1 290 5 388
1 290 5 392
1 291 5 388
1 291 5 392
1 292 5 388
1 292 5 392
1 293 5 388
1 293 5 392
1 294 5 388
1 294 5 392
1 295 5 388
1 295 5 392
1 296 5 388
1 296 5 392
1 297 5 388
1 297 5 392
1 298 5 388
1 298 5 392
1 299 5 388
1 299 5 392
1 300 5 388
1 300 5 392
1 301 5 388
1 301 5 392
1 302 5 388
1 302 5 392
1 303 5 388
1 303 5 392
1 304 5 388
1 304 5 392
1 305 5 388
1 305 5 392
1 306 5 388
1 306 5 392
1 307 5 388
1 307 5 392
1 308 5 388
1 308 5 392
1 309 5 388
1 309 5 392
1 310 5 388
1 310 5 392
1 311 5 388
1 311 5 392
1 312 5 388
1 312 5 392
1 313 5 388
1 313 5 392
1 314 5 388
1 314 5 392
1 315 5 388
1 315 5 392
1 316 5 388
1 316 5 392
1 317 5 388
1 317 5 392
1 318 5 388
1 318 5 392
1 319 5 388
1 319 5 392
1 320 5 388
1 320 5 392
1 321 5 388
1 321 5 392
1 322 5 388
1 322 5 392
1 323 5 388
1 323 5 392
1 324 5 388
1 324 5 392
1 325 5 388
1 325 5 392
1 326 5 388
1 326 5 392
1 327 5 388
1 327 5 392
1 328 5 388
1 328 5 392
1 329 5 388
1 329 5 392
1 330 5 388
1 330 5 392
1 331 5 388
1 331 5 392
1 332 5 388
1 332 5 392
1 333 5 388
1 333 5 392
1 334 5 388
1 334 5 392
1 335 5 388
1 335 5 392
1 336 5 388
1 336 5 392
1 337 5 388
1 337 5 392
1 338 5 388
1 338 5 392
1 339 5 388
1 339 5 392
1 340 5 388
1 340 5 392
1 341 5 388
1 341 5 392
1 342 5 388
1 342 5 392
1 343 5 388
1 343 5 392
1 344 5 388
1 344 5 392
1 345 5 388
1 345 5 392
1 346 5 388
1 346 5 392
1 347 5 388
1 347 5 392
1 348 5 388
1 348 5 392
1 349 5 388
1 349 5 392
1 350 5 388
1 350 5 392
1 351 5 388
1 351 5 392
1 352 5 388
1 352 5 392
1 353 5 388
1 353 5 392
1 354 5 388
1 354 5 392
1 355 5 388
1 355 5 392
1 356 5 388
1 356 5 392
1 357 5 388
1 357 5 392
1 358 5 388
1 358 5 392
1 359 5 388
1 359 5 392
1 360 5 388
1 360 5 392
1 361 5 388
1 361 5 392
1 362 5 388
1 362 5 392
1 363 5 388
1 363 5 392
1 364 5 388
1 364 5 392
1 365 5 388
1 365 5 392
1 366 5 388
1 366 5 392
1 367 5 388
1 367 5 392
1 368 5 388
1 368 5 392
1 369 5 388
1 369 5 392
1 370 5 388
1 370 5 392
1 371 5 388
1 371 5 392
1 372 5 388
1 372 5 392
1 373 5 388
1 373 5 392
1 374 5 388
1 374 5 392
1 375 5 388
1 375 5 392
1 376 5 388
1 376 5 392
1 377 5 388
1 377 5 392
1 378 5 388
1 378 5 392
1 379 5 388
1 379 5 392
1 380 5 388
1 380 5 392
1 381 5 388
1 381 5 392
1 382 5 388
1 382 5 392
1 383 5 388
1 383 5 392
1 384 5 388
1 384 5 392
1 385 5 388
1 385 5 392
1 386 5 388
1 386 5 392
1 387 5 388
1 387 5 392
1 388 5 388
1 388 5 389
1 388 5 390
1 388 5 391
1 388 5 392
1 389 5 388
1 389 5 392
1 390 5 388
1 390 5 392
1 391 5 388
1 391 5 392
1 392 5 388
1 392 5 389
1 392 5 390
1 392 5 391
1 392 5 392
1 0 6 388
1 0 6 392
1 1 6 388
1 1 6 392
1 2 6 388
1 2 6 392
1 3 6 388
1 3 6 392
1 4 6 388
1 4 6 392
1 5 6 388
1 5 6 392
1 6 6 388
1 6 6 392
1 7 6 388
1 7 6 392
1 8 6 388
1 8 6 392
1 9 6 388
1 9 6 392
1 10 6 388
1 10 6 392
1 11 6 388
1 11 6 392
1 12 6 388
1 12 6 392
1 13 6 388
1 13 6 392
1 14 6 388
1 14 6 392
1 15 6 388
1 15 6 392
1 16 6 388
1 16 6 392
1 17 6 388
1 17 6 392
1 18 6 388
1 18 6 392
1 19 6 388
1 19 6 392
1 20 6 388
1 20 6 392
1 21 6 388
1 21 6 392
1 22 6 388
1 22 6 392
1 23 6 388
1 23 6 392
1 24 6 388
1 24 6 392
1 25 6 388
1 25 6 392
1 26 6 388
1 26 6 392
1 27 6 388
1 27 6 392
1 28 6 388
1 28 6 392
1 29 6 388
1 29 6 392
1 30 6 388
1 30 6 392
1 31 6 388
1 31 6 392
1 32 6 388
1 32 6 392
1 33 6 388
1 33 6 392
1 34 6 388
1 34 6 392
1 35 6 388
1 35 6 392
1 36 6 388
1 36 6 392
1 37 6 388
1 37 6 392
1 38 6 388
1 38 6 392
1 39 6 388
1 39 6 392
1 40 6 388
1 40 6 392
1 41 6 388
1 41 6 392
1 42 6 388
1 42 6 392
1 43 6 388
1 43 6 392
1 44 6 388
1 44 6 392
1 45 6 388
1 45 6 392
1 46 6 388
1 46 6 392
1 47 6 388
1 47 6 392
1 48 6 388
1 48 6 392
1 49 6 388
1 49 6 392
1 50 6 388
1 50 6 392
1 51 6 388
1 51 6 392
1 52 6 388
1 52 6 392
1 53 6 388
1 53 6 392
1 54 6 388
1 54 6 392
1 55 6 388
1 55 6 392
1 56 6 388
1 56 6 392
1 57 6 388
1 57 6 392
1 58 6 388
1 58 6 392
1 59 6 388
1 59 6 392
1 60 6 388
1 60 6 392
1 61 6 388
1 61 6 392
1 62 6 388
1 62 6 392
1 63 6 388
1 63 6 392
1 64 6 388
1 64 6 392
1 65 6 388
1 65 6 392
1 66 6 388
1 66 6 392
1 67 6 388
1 67 6 392
1 68 6 388
1 68 6 392
1 69 6 388
1 69 6 392
1 70 6 388
1 70 6 392
1 71 6 388
1 71 6 392
1 72 6 388
1 72 6 392
1 73 6 388
1 73 6 392
1 74 6 388
1 74 6 392
1 75 6 388
1 75 6 392
1 76 6 388
1 76 6 392
1 77 6 388
1 77 6 392
1 78 6 388
1 78 6 392
1 79 6 388
1 79 6 392
1 80 6 388
1 80 6 392
1 81 6 388
1 81 6 392
1 82 6 388
1 82 6 392
1 83 6 388
1 83 6 392
1 84 6 388
1 84 6 392
1 85 6 388
1 85 6 392
1 86 6 388
1 86 6 392
1 87 6 388
1 87 6 392
1 88 6 388
1 88 6 392
1 89 6 388
1 89 6 392
1 90 6 388
1 90 6 392
1 91 6 388
1 91 6 392
1 92 6 388
1 92 6 392
1 93 6 388
1 93 6 392
1 94 6 388
1 94 6 392
1 95 6 388
1 95 6 392
1 96 6 388
1 96 6 392
1 97 6 388
1 97 6 392
1 98 6 388
1 98 6 392
1 99 6 388
1 99 6 392
1 100 6 388
1 100 6 392
1 101 6 388
1 101 6 392
1 102 6 388
1 102 6 392
1 103 6 388
1 103 6 392
1 104 6 388
1 104 6 392
1 105 6 388
1 105 6 392
1 106 6 388
1 106 6 392
1 107 6 388
1 107 6 392
1 108 6 388
1 108 6 392
1 109 6 388
1 109 6 392
1 110 6 388
1 110 6 392
1 111 6 388
1 111 6 392
1 112 6 388
1 112 6 392
1 113 6 388
1 113 6 392
1 114 6 388
1 114 6 392
1 115 6 388
1 115 6 392
1 116 6 388
1 116 6 392
1 117 6 388
1 117 6 392
1 118 6 388
1 118 6 392
1 119 6 388
1 119 6 392
1 120 6 388
1 120 6 392
1 121 6 388
1 121 6 392
1 122 6 388
1 122 6 392
1 123 6 388
1 123 6 392
1 124 6 388
1 124 6 392
1 125 6 388
1 125 6 392
1 126 6 388
1 126 6 392
1 127 6 388
1 127 6 392
1 128 6 388
1 128 6 392
1 129 6 388
1 129 6 392
1 130 6 388
1 130 6 392
1 131 6 388
1 131 6 392
1 132 6 388
1 132 6 392
1 133 6 388
1 133 6 392
1 134 6 388
1 134 6 392
1 135 6 388
1 135 6 392
1 136 6 388
1 136 6 392
1 137 6 388
1 137 6 392
1 138 6 388
1 138 6 392
1 139 6 388
1 139 6 392
1 140 6 388
1 140 6 392
1 141 6 388
1 141 6 392
1 142 6 388
1 142 6 392
1 143 6 388
1 143 6 392
1 144 6 388
1 144 6 392
1 145 6 388
1 145 6 392
1 146 6 388
1 146 6 392
1 147 6 388
1 147 6 392
1 148 6 388
1 148 6 392
1 149 6 388
1 149 6 392
1 150 6 388
1 150 6 392
1 151 6 388
1 151 6 392
1 152 6 388
1 152 6 392
1 153 6 388
1 153 6 392
1 154 6 388
1 154 6 392
1 155 6 388
1 155 6 392
1 156 6 388
1 156 6 392
1 157 6 388
1 157 6 392
1 158 6 388
1 158 6 392
1 159 6 388
1 159 6 392
1 160 6 388
1 160 6 392
1 161 6 388
1 161 6 392
1 162 6 388
1 162 6 392
1 163 6 388
1 163 6 392
1 164 6 388
1 164 6 392
1 165 6 388
1 165 6 392
1 166 6 388
1 166 6 392
1 167 6 388
1 167 6 392
1 168 6 388
1 168 6 392
1 169 6 388
1 169 6 392
1 170 6 388
1 170 6 392
1 171 6 388
1 171 6 392
1 172 6 388
1 172 6 392
1 173 6 388
1 173 6 392
1 174 6 388
1 174 6 392
1 175 6 388
1 175 6 392
1 176 6 388
1 176 6 392
1 177 6 388
1 177 6 392
1 178 6 388
1 178 6 392
1 179 6 388
1 179 6 392
1 180 6 388
1 180 6 392
1 181 6 388
1 181 6 392
1 182 6 388
1 182 6 392
1 183 6 388
1 183 6 392
1 184 6 388
1 184 6 392
1 185 6 388
1 185 6 392
1 186 6 388
1 186 6 392
1 187 6 388
1 187 6 392
1 188 6 388
1 188 6 392
1 189 6 388
1 189 6 392
1 190 6 388
1 190 6 392
1 191 6 388
1 191 6 392
1 192 6 388
1 192 6 392
1 193 6 388
1 193 6 392
1 194 6 388
1 194 6 392
1 195 6 388
1 195 6 392
1 196 6 388
1 196 6 392
1 197 6 388
1 197 6 392
1 198 6 388
1 198 6 392
1 199 6 388
1 199 6 392
1 200 6 388
1 200 6 392
1 201 6 388
1 201 6 392
1 202 6 388
1 202 6 392
1 203 6 388
1 203 6 392
1 204 6 388
1 204 6 392
1 205 6 388
1 205 6 392
1 206 6 388
1 206 6 392
1 207 6 388
1 207 6 392
1 208 6 388
1 208 6 392
1 209 6 388
1 209 6 392
1 210 6 388
1 210 6 392
1 211 6 388
1 211 6 392
1 212 6 388
1 212 6 392
1 213 6 388
1 213 6 392
1 214 6 388
1 214 6 392
1 215 6 388
1 215 6 392
1 216 6 388
1 216 6 392
1 217 6 388
1 217 6 392
1 218 6 388
1 218 6 392
1 219 6 388
1 219 6 392
1 220 6 388
1 220 6 392
1 221 6 388
1 221 6 392
1 222 6 388
1 222 6 392
1 223 6 388
1 223 6 392
1 224 6 388
1 224 6 392
1 225 6 388
1 225 6 392
1 226 6 388
1 226 6 392
1 227 6 388
1 227 6 392
1 228 6 388
1 228 6 392
1 229 6 388
1 229 6 392
1 230 6 388
1 230 6 392
1 231 6 388
1 231 6 392
1 232 6 388
1 232 6 392
1 233 6 388
1 233 6 392
1 234 6 388
1 234 6 392
1 235 6 388
1 235 6 392
1 236 6 388
1 236 6 392
1 237 6 388
1 237 6 392
1 238 6 388
1 238 6 392
1 239 6 388
1 239 6 392
1 240 6 388
1 240 6 392
1 241 6 388
1 241 6 392
1 242 6 388
1 242 6 392
1 243 6 388
1 243 6 392
1 244 6 388
1 244 6 392
1 245 6 388
1 245 6 392
1 246 6 388
1 246 6 392
1 247 6 388
1 247 6 392
1 248 6 388
1 248 6 392
1 249 6 388
1 249 6 392
1 250 6 388
1 250 6 392
1 251 6 388
1 251 6 392
1 252 6 388
1 252 6 392
1 253 6 388
1 253 6 392
1 254 6 388
1 254 6 392
1 255 6 388
1 255 6 392
1 256 6 388
1 256 6 392
1 257 6 388
1 257 6 392
1 258 6 388
1 258 6 392
1 259 6 388
1 259 6 392
1 260 6 388
1 260 6 392
1 261 6 388
1 261 6 392
1 262 6 388
1 262 6 392
1 263 6 388
1 263 6 392
1 264 6 388
1 264 6 392
1 265 6 388
1 265 6 392
1 266 6 388
1 266 6 392
1 267 6 388
1 267 6 392
1 268 6 388
1 268 6 392
1 269 6 388
1 269 6 392
1 270 6 388
1 270 6 392
1 271 6 388
1 271 6 392
1 272 6 388
1 272 6 392
1 273 6 388
1 273 6 392
1 274 6 388
1 274 6 392
1 275 6 388
1 275 6 392
1 276 6 388
1 276 6 392
1 277 6 388
1 277 6 392
1 278 6 388
1 278 6 392
1 279 6 388
1 279 6 392
1 280 6 388
1 280 6 392
1 281 6 388
1 281 6 392
1 282 6 388
1 282 6 392
1 283 6 388
1 283 6 392
1 284 6 388
1 284 6 392
1 285 6 388
1 285 6 392
1 286 6 388
1 286 6 392
1 287 6 388
1 287 6 392
1 288 6 388
1 288 6 392
1 289 6 388
1 289 6 392
1 290 6 388
1 290 6 392
1 291 6 388
1 291 6 392
1 292 6 388
1 292 6 392
1 293 6 388
1 293 6 392
1 294 6 388
1 294 6 392
1 295 6 388
1 295 6 392
1 296 6 388
1 296 6 392
1 297 6 388
1 297 6 392
1 298 6 388
1 298 6 392
1 299 6 388
1 299 6 392
1 300 6 388
1 300 6 392
1 301 6 388
1 301 6 392
1 302 6 388
1 302 6 392
1 303 6 388
1 303 6 392
1 304 6 388
1 304 6 392
1 305 6 388
1 305 6 392
1 306 6 388
1 306 6 392
1 307 6 388
1 307 6 392
1 308 6 388
1 308 6 392
1 309 6 388
1 309 6 392
1 310 6 388
1 310 6 392
1 311 6 388
1 311 6 392
1 312 6 388
1 312 6 392
1 313 6 388
1 313 6 392
1 314 6 388
1 314 6 392
1 315 6 388
1 315 6 392
1 316 6 388
1 316 6 392
1 317 6 388
1 317 6 392
1 318 6 388
1 318 6 392
1 319 6 388
1 319 6 392
1 320 6 388
1 320 6 392
1 321 6 388
1 321 6 392
1 322 6 388
1 322 6 392
1 323 6 388
1 323 6 392
1 324 6 388
1 324 6 392
1 325 6 388
1 325 6 392
1 326 6 388
1 326 6 392
1 327 6 388
1 327 6 392
1 328 6 388
1 328 6 392
1 329 6 388
1 329 6 392
1 330 6 388
1 330 6 392
1 331 6 388
1 331 6 392
1 332 6 388
1 332 6 392
1 333 6 388
1 333 6 392
1 334 6 388
1 334 6 392
1 335 6 388
1 335 6 392
1 336 6 388
1 336 6 392
1 337 6 388
1 337 6 392
1 338 6 388
1 338 6 392
1 339 6 388
1 339 6 392
1 340 6 388
1 340 6 392
1 341 6 388
1 341 6 392
1 342 6 388
1 342 6 392
1 343 6 388
1 343 6 392
1 344 6 388
1 344 6 392
1 345 6 388
1 345 6 392
1 346 6 388
1 346 6 392
1 347 6 388
1 347 6 392
1 348 6 388
1 348 6 392
1 349 6 388
1 349 6 392
1 350 6 388
1 350 6 392
1 351 6 388
1 351 6 392
1 352 6 388
1 352 6 392
1 353 6 388
1 353 6 392
1 354 6 388
1 354 6 392
1 355 6 388
1 355 6 392
1 356 6 388
1 356 6 392
1 357 6 388
1 357 6 392
1 358 6 388
1 358 6 392
1 359 6 388
1 359 6 392
1 360 6 388
1 360 6 392
1 361 6 388
1 361 6 392
1 362 6 388
1 362 6 392
1 363 6 388
1 363 6 392
1 364 6 388
1 364 6 392
1 365 6 388
1 365 6 392
1 366 6 388
1 366 6 392
1 367 6 388
1 367 6 392
1 368 6 388
1 368 6 392
1 369 6 388
1 369 6 392
1 370 6 388
1 370 6 392
1 371 6 388
1 371 6 392
1 372 6 388
1 372 6 392
1 373 6 388
1 373 6 392
1 374 6 388
1 374 6 392
1 375 6 388
1 375 6 392
1 376 6 388
1 376 6 392
1 377 6 388
1 377 6 392
1 378 6 388
1 378 6 392
1 379 6 388
1 379 6 392
1 380 6 388
1 380 6 392
1 381 6 388
1 381 6 392
1 382 6 388
1 382 6 392
1 383 6 388
1 383 6 392
1 384 6 388
1 384 6 392
1 385 6 388
1 385 6 392
1 386 6 388
1 386 6 392
1 387 6 388
1 387 6 392
1 388 6 388
1 388 6 389
1 388 6 390
1 388 6 391
1 388 6 392
1 389 6 388
1 389 6 392
1 390 6 388
1 390 6 392
1 391 6 388
1 391 6 392
1 392 6 388
1 392 6 389
1 392 6 390
1 392 6 391
1 392 6 392
1 0 7 388
1 0 7 392
1 1 7 388
1 1 7 392
1 2 7 388
1 2 7 392
1 3 7 388
1 3 7 392
1 4 7 388
1 4 7 392
1 5 7 388
1 5 7 392
1 6 7 388
1 6 7 392
1 7 7 388
1 7 7 392
1 8 7 388
1 8 7 392
1 9 7 388
1 9 7 392
1 10 7 388
1 10 7 392
1 11 7 388
1 11 7 392
1 12 7 388
1 12 7 392
1 13 7 388
1 13 7 392
1 14 7 388
1 14 7 392
1 15 7 388
1 15 7 392
1 16 7 388
1 16 7 392
1 17 7 388
1 17 7 392
1 18 7 388
1 18 7 392
1 19 7 388
1 19 7 392
1 20 7 388
1 20 7 392
1 21 7 388
1 21 7 392
1 22 7 388
1 22 7 392
1 23 7 388
1 23 7 392
1 24 7 388
1 24 7 392
1 25 7 388
1 25 7 392
1 26 7 388
1 26 7 392
1 27 7 388
1 27 7 392
1 28 7 388
1 28 7 392
1 29 7 388
1 29 7 392
1 30 7 388
1 30 7 392
1 31 7 388
1 31 7 392
1 32 7 388
1 32 7 392
1 33 7 388
1 33 7 392
1 34 7 388
1 34 7 392
1 35 7 388
1 35 7 392
1 36 7 388
1 36 7 392
1 37 7 388
1 37 7 392
1 38 7 388
1 38 7 392
1 39 7 388
1 39 7 392
1 40 7 388
1 40 7 392
1 41 7 388
1 41 7 392
1 42 7 388
1 42 7 392
1 43 7 388
1 43 7 392
1 44 7 388
1 44 7 392
1 45 7 388
1 45 7 392
1 46 7 388
1 46 7 392
1 47 7 388
1 47 7 392
1 48 7 388
1 48 7 392
1 49 7 388
1 49 7 392
1 50 7 388
1 50 7 392
1 51 7 388
1 51 7 392
1 52 7 388
1 52 7 392
1 53 7 388
1 53 7 392
1 54 7 388
1 54 7 392
1 55 7 388
1 55 7 392
1 56 7 388
1 56 7 392
1 57 7 388
1 57 7 392
1 58 7 388
1 58 7 392
1 59 7 388
1 59 7 392
1 60 7 388
1 60 7 392
1 61 7 388
1 61 7 392
1 62 7 388
1 62 7 392
1 63 7 388
1 63 7 392
1 64 7 388
1 64 7 392
1 65 7 388
1 65 7 392
1 66 7 388
1 66 7 392
1 67 7 388
1 67 7 392
1 68 7 388
1 68 7 392
1 69 7 388
1 69 7 392
1 70 7 388
1 70 7 392
1 71 7 388
1 71 7 392
1 72 7 388
1 72 7 392
1 73 7 388
1 73 7 392
1 74 7 388
1 74 7 392
1 75 7 388
1 75 7 392
1 76 7 388
1 76 7 392
1 77 7 388
1 77 7 392
1 78 7 388
1 78 7 392
1 79 7 388
1 79 7 392
1 80 7 388
1 80 7 392
1 81 7 388
1 81 7 392
1 82 7 388
1 82 7 392
1 83 7 388
1 83 7 392
1 84 7 388
1 84 7 392
1 85 7 388
1 85 7 392
1 86 7 388
1 86 7 392
1 87 7 388
1 87 7 392
1 88 7 388
1 88 7 392
1 89 7 388
1 89 7 392
1 90 7 388
1 90 7 392
1 91 7 388
1 91 7 392
1 92 7 388
1 92 7 392
1 93 7 388
1 93 7 392
1 94 7 388
1 94 7 392
1 95 7 388
1 95 7 392
1 96 7 388
1 96 7 392
1 97 7 388
1 97 7 392
1 98 7 388
1 98 7 392
1 99 7 388
1 99 7 392
1 100 7 388
1 100 7 392
1 101 7 388
1 101 7 392
1 102 7 388
1 102 7 392
1 103 7 388
1 103 7 392
1 104 7 388
1 104 7 392
1 105 7 388
1 105 7 392
1 106 7 388
1 106 7 392
1 107 7 388
1 107 7 392
1 108 7 388
1 108 7 392
1 109 7 388
1 109 7 392
1 110 7 388
1 110 7 392
1 111 7 388
1 111 7 392
1 112 7 388
1 112 7 392
1 113 7 388
1 113 7 392
1 114 7 388
1 114 7 392
1 115 7 388
1 115 7 392
1 116 7 388
1 116 7 392
1 117 7 388
1 117 7 392
1 118 7 388
1 118 7 392
1 119 7 388
1 119 7 392
1 120 7 388
1 120 7 392
1 121 7 388
1 121 7 392
1 122 7 388
1 122 7 392
1 123 7 388
1 123 7 392
1 124 7 388
1 124 7 392
1 125 7 388
1 125 7 392
1 126 7 388
1 126 7 392
1 127 7 388
1 127 7 392
1 128 7 388
1 128 7 392
1 129 7 388
1 129 7 392
1 130 7 388
1 130 7 392
1 131 7 388
1 131 7 392
1 132 7 388
1 132 7 392
1 133 7 388
1 133 7 392
1 134 7 388
1 134 7 392
1 135 7 388
1 135 7 392
1 136 7 388
1 136 7 392
1 137 7 388
1 137 7 392
1 138 7 388
1 138 7 392
1 139 7 388
1 139 7 392
1 140 7 388
1 140 7 392
1 141 7 388
1 141 7 392
1 142 7 388
1 142 7 392
1 143 7 388
1 143 7 392
1 144 7 388
1 144 7 392
1 145 7 388
1 145 7 392
1 146 7 388
1 146 7 392
1 147 7 388
1 147 7 392
1 148 7 388
1 148 7 392
1 149 7 388
1 149 7 392
1 150 7 388
1 150 7 392
1 151 7 388
1 151 7 392
1 152 7 388
1 152 7 392
1 153 7 388
1 153 7 392
1 154 7 388
1 154 7 392
1 155 7 388
1 155 7 392
1 156 7 388
1 156 7 392
1 157 7 388
1 157 7 392
1 158 7 388
1 158 7 392
1 159 7 388
1 159 7 392
1 160 7 388
1 160 7 392
1 161 7 388
1 161 7 392
1 162 7 388
1 162 7 392
1 163 7 388
1 163 7 392
1 164 7 388
1 164 7 392
1 165 7 388
1 165 7 392
1 166 7 388
1 166 7 392
1 167 7 388
1 167 7 392
1 168 7 388
1 168 7 392
1 169 7 388
1 169 7 392
1 170 7 388
1 170 7 392
1 171 7 388
1 171 7 392
1 172 7 388
1 172 7 392
1 173 7 388
1 173 7 392
1 174 7 388
1 174 7 392
1 175 7 388
1 175 7 392
1 176 7 388
1 176 7 392
1 177 7 388
1 177 7 392
1 178 7 388
1 178 7 392
1 179 7 388
1 179 7 392
1 180 7 388
1 180 7 392
1 181 7 388
1 181 7 392
1 182 7 388
1 182 7 392
1 183 7 388
1 183 7 392
1 184 7 388
1 184 7 392
1 185 7 388
1 185 7 392
1 186 7 388
1 186 7 392
1 187 7 388
1 187 7 392
1 188 7 388
1 188 7 392
1 189 7 388
1 189 7 392
1 190 7 388
1 190 7 392
1 191 7 388
1 191 7 392
1 192 7 388
1 192 7 392
1 193 7 388
1 193 7 392
1 194 7 388
1 194 7 392
1 195 7 388
1 195 7 392
1 196 7 388
1 196 7 392
1 197 7 388
1 197 7 392
1 198 7 388
1 198 7 392
1 199 7 388
1 199 7 392
1 200 7 388
1 200 7 392
1 201 7 388
1 201 7 392
1 202 7 388
1 202 7 392
1 203 7 388
1 203 7 392
1 204 7 388
1 204 7 392
1 205 7 388
1 205 7 392
1 206 7 388
1 206 7 392
1 207 7 388
1 207 7 392
1 208 7 388
1 208 7 392
1 209 7 388
1 209 7 392
1 210 7 388
1 210 7 392
1 211 7 388
1 211 7 392
1 212 7 388
1 212 7 392
1 213 7 388
1 213 7 392
1 214 7 388
1 214 7 392
1 215 7 388
1 215 7 392
1 216 7 388
1 216 7 392
1 217 7 388
1 217 7 392
1 218 7 388
1 218 7 392
1 219 7 388
1 219 7 392
1 220 7 388
1 220 7 392
1 221 7 388
1 221 7 392
1 222 7 388
1 222 7 392
1 223 7 388
1 223 7 392
1 224 7 388
1 224 7 392
1 225 7 388
1 225 7 392
1 226 7 388
1 226 7 392
1 227 7 388
1 227 7 392
1 228 7 388
1 228 7 392
1 229 7 388
1 229 7 392
1 230 7 388
1 230 7 392
1 231 7 388
1 231 7 392
1 232 7 388
1 232 7 392
1 233 7 388
1 233 7 392
1 234 7 388
1 234 7 392
1 235 7 388
1 235 7 392
1 236 7 388
1 236 7 392
1 237 7 388
1 237 7 392
1 238 7 388
1 238 7 392
1 239 7 388
1 239 7 392
1 240 7 388
1 240 7 392
1 241 7 388
1 241 7 392
1 242 7 388
1 242 7 392
1 243 7 388
1 243 7 392
1 244 7 388
1 244 7 392
1 245 7 388
1 245 7 392
1 246 7 388
1 246 7 392
1 247 7 388
1 247 7 392
1 248 7 388
1 248 7 392
1 249 7 388
1 249 7 392
1 250 7 388
1 250 7 392
1 251 7 388
1 251 7 392
1 252 7 388
1 252 7 392
1 253 7 388
1 253 7 392
1 254 7 388
1 254 7 392
1 255 7 388
1 255 7 392
1 256 7 388
1 256 7 392
1 257 7 388
1 257 7 392
1 258 7 388
1 258 7 392
1 259 7 388
1 259 7 392
1 260 7 388
1 260 7 392
1 261 7 388
1 261 7 392
1 262 7 388
1 262 7 392
1 263 7 388
1 263 7 392
1 264 7 388
1 264 7 392
1 265 7 388
1 265 7 392
1 266 7 388
1 266 7 392
1 267 7 388
1 267 7 392
1 268 7 388
1 268 7 392
1 269 7 388
1 269 7 392
1 270 7 388
1 270 7 392
1 271 7 388
1 271 7 392
1 272 7 388
1 272 7 392
1 273 7 388
1 273 7 392
1 274 7 388
1 274 7 392
1 275 7 388
1 275 7 392
1 276 7 388
1 276 7 392
1 277 7 388
1 277 7 392
1 278 7 388
1 278 7 392
1 279 7 388
1 279 7 392
1 280 7 388
1 280 7 392
1 281 7 388
1 281 7 392
1 282 7 388
1 282 7 392
1 283 7 388
1 283 7 392
1 284 7 388
1 284 7 392
1 285 7 388
1 285 7 392
1 286 7 388
1 286 7 392
1 287 7 388
1 287 7 392
1 288 7 388
1 288 7 392
1 289 7 388
1 289 7 392
1 290 7 388
1 290 7 392
1 291 7 388
1 291 7 392
1 292 7 388
1 292 7 392
1 293 7 388
1 293 7 392
1 294 7 388
1 294 7 392
1 295 7 388
1 295 7 392
1 296 7 388
1 296 7 392
1 297 7 388
1 297 7 392
1 298 7 388
1 298 7 392
1 299 7 388
1 299 7 392
1 300 7 388
1 300 7 392
1 301 7 388
1 301 7 392
1 302 7 388
1 302 7 392
1 303 7 388
1 303 7 392
1 304 7 388
1 304 7 392
1 305 7 388
1 305 7 392
1 306 7 388
1 306 7 392
1 307 7 388
1 307 7 392
1 308 7 388
1 308 7 392
1 309 7 388
1 309 7 392
1 310 7 388
1 310 7 392
1 311 7 388
1 311 7 392
1 312 7 388
1 312 7 392
1 313 7 388
1 313 7 392
1 314 7 388
1 314 7 392
1 315 7 388
1 315 7 392
1 316 7 388
1 316 7 392
1 317 7 388
1 317 7 392
1 318 7 388
1 318 7 392
1 319 7 388
1 319 7 392
1 320 7 388
1 320 7 392
1 321 7 388
1 321 7 392
1 322 7 388
1 322 7 392
1 323 7 388
1 323 7 392
1 324 7 388
1 324 7 392
1 325 7 388
1 325 7 392
1 326 7 388
1 326 7 392
1 327 7 388
1 327 7 392
1 328 7 388
1 328 7 392
1 329 7 388
1 329 7 392
1 330 7 388
1 330 7 392
1 331 7 388
1 331 7 392
1 332 7 388
1 332 7 392
1 333 7 388
1 333 7 392
1 334 7 388
1 334 7 392
1 335 7 388
1 335 7 392
1 336 7 388
1 336 7 392
1 337 7 388
1 337 7 392
1 338 7 388
1 338 7 392
1 339 7 388
1 339 7 392
1 340 7 388
1 340 7 392
1 341 7 388
1 341 7 392
1 342 7 388
1 342 7 392
1 343 7 388
1 343 7 392
1 344 7 388
1 344 7 392
1 345 7 388
1 345 7 392
1 346 7 388
1 346 7 392
1 347 7 388
1 347 7 392
1 348 7 388
1 348 7 392
1 349 7 388
1 349 7 392
1 350 7 388
1 350 7 392
1 351 7 388
1 351 7 392
1 352 7 388
1 352 7 392
1 353 7 388
1 353 7 392
1 354 7 388
1 354 7 392
1 355 7 388
1 355 7 392
1 356 7 388
1 356 7 392
1 357 7 388
1 357 7 392
1 358 7 388
1 358 7 392
1 359 7 388
1 359 7 392
1 360 7 388
1 360 7 392
1 361 7 388
1 361 7 392
1 362 7 388
1 362 7 392
1 363 7 388
1 363 7 392
1 364 7 388
1 364 7 392
1 365 7 388
1 365 7 392
1 366 7 388
1 366 7 392
1 367 7 388
1 367 7 392
1 368 7 388
1 368 7 392
1 369 7 388
1 369 7 392
1 370 7 388
1 370 7 392
1 371 7 388
1 371 7 392
1 372 7 388
1 372 7 392
1 373 7 388
1 373 7 392
1 374 7 388
1 374 7 392
1 375 7 388
1 375 7 392
1 376 7 388
1 376 7 392
1 377 7 388
1 377 7 392
1 378 7 388
1 378 7 392
1 379 7 388
1 379 7 392
1 380 7 388
1 380 7 392
1 381 7 388
1 381 7 392
1 382 7 388
1 382 7 392
1 383 7 388
1 383 7 392
1 384 7 388
1 384 7 392
1 385 7 388
1 385 7 392
1 386 7 388
1 386 7 392
1 387 7 388
1 387 7 392
1 388 7 388
1 388 7 389
1 388 7 390
1 388 7 391
1 388 7 392
1 389 7 388
1 389 7 392
1 390 7 388
1 390 7 392
1 391 7 388
1 391 7 392
1 392 7 388
1 392 7 389
1 392 7 390
1 392 7 391
1 392 7 392
1 0 8 388
1 0 8 392
1 1 8 388
1 1 8 392
1 2 8 388
1 2 8 392
1 3 8 388
1 3 8 392
1 4 8 388
1 4 8 392
1 5 8 388
1 5 8 392
1 6 8 388
1 6 8 392
1 7 8 388
1 7 8 392
1 8 8 388
1 8 8 392
1 9 8 388
1 9 8 392
1 10 8 388
1 10 8 392
1 11 8 388
1 11 8 392
1 12 8 388
1 12 8 392
1 13 8 388
1 13 8 392
1 14 8 388
1 14 8 392
1 15 8 388
1 15 8 392
1 16 8 388
1 16 8 392
1 17 8 388
1 17 8 392
1 18 8 388
1 18 8 392
1 19 8 388
1 19 8 392
1 20 8 388
1 20 8 392
1 21 8 388
1 21 8 392
1 22 8 388
1 22 8 392
1 23 8 388
1 23 8 392
1 24 8 388
1 24 8 392
1 25 8 388
1 25 8 392
1 26 8 388
1 26 8 392
1 27 8 388
1 27 8 392
1 28 8 388
1 28 8 392
1 29 8 388
1 29 8 392
1 30 8 388
1 30 8 392
1 31 8 388
1 31 8 392
1 32 8 388
1 32 8 392
1 33 8 388
1 33 8 392
1 34 8 388
1 34 8 392
1 35 8 388
1 35 8 392
1 36 8 388
1 36 8 392
1 37 8 388
1 37 8 392
1 38 8 388
1 38 8 392
1 39 8 388
1 39 8 392
1 40 8 388
1 40 8 392
1 41 8 388
1 41 8 392
1 42 8 388
1 42 8 392
1 43 8 388
1 43 8 392
1 44 8 388
1 44 8 392
1 45 8 388
1 45 8 392
1 46 8 388
1 46 8 392
1 47 8 388
1 47 8 392
1 48 8 388
1 48 8 392
1 49 8 388
1 49 8 392
1 50 8 388
1 50 8 392
1 51 8 388
1 51 8 392
1 52 8 388
1 52 8 392
1 53 8 388
1 53 8 392
1 54 8 388
1 54 8 392
1 55 8 388
1 55 8 392
1 56 8 388
1 56 8 392
1 57 8 388
1 57 8 392
1 58 8 388
1 58 8 392
1 59 8 388
1 59 8 392
1 60 8 388
1 60 8 392
1 61 8 388
1 61 8 392
1 62 8 388
1 62 8 392
1 63 8 388
1 63 8 392
1 64 8 388
1 64 8 392
1 65 8 388
1 65 8 392
1 66 8 388
1 66 8 392
1 67 8 388
1 67 8 392
1 68 8 388
1 68 8 392
1 69 8 388
1 69 8 392
1 70 8 388
1 70 8 392
1 71 8 388
1 71 8 392
1 72 8 388
1 72 8 392
1 73 8 388
1 73 8 392
1 74 8 388
1 74 8 392
1 75 8 388
1 75 8 392
1 76 8 388
1 76 8 392
1 77 8 388
1 77 8 392
1 78 8 388
1 78 8 392
1 79 8 388
1 79 8 392
1 80 8 388
1 80 8 392
1 81 8 388
1 81 8 392
1 82 8 388
1 82 8 392
1 83 8 388
1 83 8 392
1 84 8 388
1 84 8 392
1 85 8 388
1 85 8 392
1 86 8 388
1 86 8 392
1 87 8 388
1 87 8 392
1 88 8 388
1 88 8 392
1 89 8 388
1 89 8 392
1 90 8 388
1 90 8 392
1 91 8 388
1 91 8 392
1 92 8 388
1 92 8 392
1 93 8 388
1 93 8 392
1 94 8 388
1 94 8 392
1 95 8 388
1 95 8 392
1 96 8 388
1 96 8 392
1 97 8 388
1 97 8 392
1 98 8 388
1 98 8 392
1 99 8 388
1 99 8 392
1 100 8 388
1 100 8 392
1 101 8 388
1 101 8 392
1 102 8 388
1 102 8 392
1 103 8 388
1 103 8 392
1 104 8 388
1 104 8 392
1 105 8 388
1 105 8 392
1 106 8 388
1 106 8 392
1 107 8 388
1 107 8 392
1 108 8 388
1 108 8 392
1 109 8 388
1 109 8 392
1 110 8 388
1 110 8 392
1 111 8 388
1 111 8 392
1 112 8 388
1 112 8 392
1 113 8 388
1 113 8 392
1 114 8 388
1 114 8 392
1 115 8 388
1 115 8 392
1 116 8 388
1 116 8 392
1 117 8 388
1 117 8 392
1 118 8 388
1 118 8 392
1 119 8 388
1 119 8 392
1 120 8 388
1 120 8 392
1 121 8 388
1 121 8 392
1 122 8 388
1 122 8 392
1 123 8 388
1 123 8 392
1 124 8 388
1 124 8 392
1 125 8 388
1 125 8 392
1 126 8 388
1 126 8 392
1 127 8 388
1 127 8 392
1 128 8 388
1 128 8 392
1 129 8 388
1 129 8 392
1 130 8 388
1 130 8 392
1 131 8 388
1 131 8 392
1 132 8 388
1 132 8 392
1 133 8 388
1 133 8 392
1 134 8 388
1 134 8 392
1 135 8 388
1 135 8 392
1 136 8 388
1 136 8 392
1 137 8 388
1 137 8 392
1 138 8 388
1 138 8 392
1 139 8 388
1 139 8 392
1 140 8 388
1 140 8 392
1 141 8 388
1 141 8 392
1 142 8 388
1 142 8 392
1 143 8 388
1 143 8 392
1 144 8 388
1 144 8 392
1 145 8 388
1 145 8 392
1 146 8 388
1 146 8 392
1 147 8 388
1 147 8 392
1 148 8 388
1 148 8 392
1 149 8 388
1 149 8 392
1 150 8 388
1 150 8 392
1 151 8 388
1 151 8 392
1 152 8 388
1 152 8 392
1 153 8 388
1 153 8 392
1 154 8 388
1 154 8 392
1 155 8 388
1 155 8 392
1 156 8 388
1 156 8 392
1 157 8 388
1 157 8 392
1 158 8 388
1 158 8 392
1 159 8 388
1 159 8 392
1 160 8 388
1 160 8 392
1 161 8 388
1 161 8 392
1 162 8 388
1 162 8 392
1 163 8 388
1 163 8 392
1 164 8 388
1 164 8 392
1 165 8 388
1 165 8 392
1 166 8 388
1 166 8 392
1 167 8 388
1 167 8 392
1 168 8 388
1 168 8 392
1 169 8 388
1 169 8 392
1 170 8 388
1 170 8 392
1 171 8 388
1 171 8 392
1 172 8 388
1 172 8 392
1 173 8 388
1 173 8 392
1 174 8 388
1 174 8 392
1 175 8 388
1 175 8 392
1 176 8 388
1 176 8 392
1 177 8 388
1 177 8 392
1 178 8 388
1 178 8 392
1 179 8 388
1 179 8 392
1 180 8 388
1 180 8 392
1 181 8 388
1 181 8 392
1 182 8 388
1 182 8 392
1 183 8 388
1 183 8 392
1 184 8 388
1 184 8 392
1 185 8 388
1 185 8 392
1 186 8 388
1 186 8 392
1 187 8 388
1 187 8 392
1 188 8 388
1 188 8 392
1 189 8 388
1 189 8 392
1 190 8 388
1 190 8 392
1 191 8 388
1 191 8 392
1 192 8 388
1 192 8 392
1 193 8 388
1 193 8 392
1 194 8 388
1 194 8 392
1 195 8 388
1 195 8 392
1 196 8 388
1 196 8 392
1 197 8 388
1 197 8 392
1 198 8 388
1 198 8 392
1 199 8 388
1 199 8 392
1 200 8 388
1 200 8 392
1 201 8 388
1 201 8 392
1 202 8 388
1 202 8 392
1 203 8 388
1 203 8 392
1 204 8 388
1 204 8 392
1 205 8 388
1 205 8 392
1 206 8 388
1 206 8 392
1 207 8 388
1 207 8 392
1 208 8 388
1 208 8 392
1 209 8 388
1 209 8 392
1 210 8 388
1 210 8 392
1 211 8 388
1 211 8 392
1 212 8 388
1 212 8 392
1 213 8 388
1 213 8 392
1 214 8 388
1 214 8 392
1 215 8 388
1 215 8 392
1 216 8 388
1 216 8 392
1 217 8 388
1 217 8 392
1 218 8 388
1 218 8 392
1 219 8 388
1 219 8 392
1 220 8 388
1 220 8 392
1 221 8 388
1 221 8 392
1 222 8 388
1 222 8 392
1 223 8 388
1 223 8 392
1 224 8 388
1 224 8 392
1 225 8 388
1 225 8 392
1 226 8 388
1 226 8 392
1 227 8 388
1 227 8 392
1 228 8 388
1 228 8 392
1 229 8 388
1 229 8 392
1 230 8 388
1 230 8 392
1 231 8 388
1 231 8 392
1 232 8 388
1 232 8 392
1 233 8 388
1 233 8 392
1 234 8 388
1 234 8 392
1 235 8 388
1 235 8 392
1 236 8 388
1 236 8 392
1 237 8 388
1 237 8 392
1 238 8 388
1 238 8 392
1 239 8 388
1 239 8 392
1 240 8 388
1 240 8 392
1 241 8 388
1 241 8 392
1 242 8 388
1 242 8 392
1 243 8 388
1 243 8 392
1 244 8 388
1 244 8 392
1 245 8 388
1 245 8 392
1 246 8 388
1 246 8 392
1 247 8 388
1 247 8 392
1 248 8 388
1 248 8 392
1 249 8 388
1 249 8 392
1 250 8 388
1 250 8 392
1 251 8 388
1 251 8 392
1 252 8 388
1 252 8 392
1 253 8 388
1 253 8 392
1 254 8 388
1 254 8 392
1 255 8 388
1 255 8 392
1 256 8 388
1 256 8 392
1 257 8 388
1 257 8 392
1 258 8 388
1 258 8 392
1 259 8 388
1 259 8 392
1 260 8 388
1 260 8 392
1 261 8 388
1 261 8 392
1 262 8 388
1 262 8 392
1 263 8 388
1 263 8 392
1 264 8 388
1 264 8 392
1 265 8 388
1 265 8 392
1 266 8 388
1 266 8 392
1 267 8 388
1 267 8 392
1 268 8 388
1 268 8 392
1 269 8 388
1 269 8 392
1 270 8 388
1 270 8 392
1 271 8 388
1 271 8 392
1 272 8 388
1 272 8 392
1 273 8 388
1 273 8 392
1 274 8 388
1 274 8 392
1 275 8 388
1 275 8 392
1 276 8 388
1 276 8 392
1 277 8 388
1 277 8 392
1 278 8 388
1 278 8 392
1 279 8 388
1 279 8 392
1 280 8 388
1 280 8 392
1 281 8 388
1 281 8 392
1 282 8 388
1 282 8 392
1 283 8 388
1 283 8 392
1 284 8 388
1 284 8 392
1 285 8 388
1 285 8 392
1 286 8 388
1 286 8 392
1 287 8 388
1 287 8 392
1 288 8 388
1 288 8 392
1 289 8 388
1 289 8 392
1 290 8 388
1 290 8 392
1 291 8 388
1 291 8 392
1 292 8 388
1 292 8 392
1 293 8 388
1 293 8 392
1 294 8 388
1 294 8 392
1 295 8 388
1 295 8 392
1 296 8 388
1 296 8 392
1 297 8 388
1 297 8 392
1 298 8 388
1 298 8 392
1 299 8 388
1 299 8 392
1 300 8 388
1 300 8 392
1 301 8 388
1 301 8 392
1 302 8 388
1 302 8 392
1 303 8 388
1 303 8 392
1 304 8 388
1 304 8 392
1 305 8 388
1 305 8 392
1 306 8 388
1 306 8 392
1 307 8 388
1 307 8 392
1 308 8 388
1 308 8 392
1 309 8 388
1 309 8 392
1 310 8 388
1 310 8 392
1 311 8 388
1 311 8 392
1 312 8 388
1 312 8 392
1 313 8 388
1 313 8 392
1 314 8 388
1 314 8 392
1 315 8 388
1 315 8 392
1 316 8 388
1 316 8 392
1 317 8 388
1 317 8 392
1 318 8 388
1 318 8 392
1 319 8 388
1 319 8 392
1 320 8 388
1 320 8 392
1 321 8 388
1 321 8 392
1 322 8 388
1 322 8 392
1 323 8 388
1 323 8 392
1 324 8 388
1 324 8 392
1 325 8 388
1 325 8 392
1 326 8 388
1 326 8 392
1 327 8 388
1 327 8 392
1 328 8 388
1 328 8 392
1 329 8 388
1 329 8 392
1 330 8 388
1 330 8 392
1 331 8 388
1 331 8 392
1 332 8 388
1 332 8 392
1 333 8 388
1 333 8 392
1 334 8 388
1 334 8 392
1 335 8 388
1 335 8 392
1 336 8 388
1 336 8 392
1 337 8 388
1 337 8 392
1 338 8 388
1 338 8 392
1 339 8 388
1 339 8 392
1 340 8 388
1 340 8 392
1 341 8 388
1 341 8 392
1 342 8 388
1 342 8 392
1 343 8 388
1 343 8 392
1 344 8 388
1 344 8 392
1 345 8 388
1 345 8 392
1 346 8 388
1 346 8 392
1 347 8 388
1 347 8 392
1 348 8 388
1 348 8 392
1 349 8 388
1 349 8 392
1 350 8 388
1 350 8 392
1 351 8 388
1 351 8 392
1 352 8 388
1 352 8 392
1 353 8 388
1 353 8 392
1 354 8 388
1 354 8 392
1 355 8 388
1 355 8 392
1 356 8 388
1 356 8 392
1 357 8 388
1 357 8 392
1 358 8 388
1 358 8 392
1 359 8 388
1 359 8 392
1 360 8 388
1 360 8 392
1 361 8 388
1 361 8 392
1 362 8 388
1 362 8 392
1 363 8 388
1 363 8 392
1 364 8 388
1 364 8 392
1 365 8 388
1 365 8 392
1 366 8 388
1 366 8 392
1 367 8 388
1 367 8 392
1 368 8 388
1 368 8 392
1 369 8 388
1 369 8 392
1 370 8 388
1 370 8 392
1 371 8 388
1 371 8 392
1 372 8 388
1 372 8 392
1 373 8 388
1 373 8 392
1 374 8 388
1 374 8 392
1 375 8 388
1 375 8 392
1 376 8 388
1 376 8 392
1 377 8 388
1 377 8 392
1 378 8 388
1 378 8 392
1 379 8 388
1 379 8 392
1 380 8 388
1 380 8 392
1 381 8 388
1 381 8 392
1 382 8 388
1 382 8 392
1 383 8 388
1 383 8 392
1 384 8 388
1 384 8 392
1 385 8 388
1 385 8 392
1 386 8 388
1 386 8 392
1 387 8 388
1 387 8 392
1 388 8 388
1 388 8 389
1 388 8 390
1 388 8 391
1 388 8 392
1 389 8 388
1 389 8 392
1 390 8 388
1 390 8 392
1 391 8 388
1 391 8 392
1 392 8 388
1 392 8 389
1 392 8 390
1 392 8 391
1 392 8 392
1 0 9 388
1 0 9 389
1 0 9 390
1 0 9 391
1 0 9 392
1 1 9 388
1 1 9 389
1 1 9 390
1 1 9 391
1 1 9 392
1 2 9 388
1 2 9 389
1 2 9 390
1 2 9 391
1 2 9 392
1 3 9 388
1 3 9 389
1 3 9 390
1 3 9 391
1 3 9 392
1 4 9 388
1 4 9 389
1 4 9 390
1 4 9 391
1 4 9 392
1 5 9 388
1 5 9 389
1 5 9 390
1 5 9 391
1 5 9 392
1 6 9 388
1 6 9 389
1 6 9 390
1 6 9 391
1 6 9 392
1 7 9 388
1 7 9 389
1 7 9 390
1 7 9 391
1 7 9 392
1 8 9 388
1 8 9 389
1 8 9 390
1 8 9 391
1 8 9 392
1 9 9 388
1 9 9 389
1 9 9 390
1 9 9 391
1 9 9 392
1 10 9 388
1 10 9 389
1 10 9 390
1 10 9 391
1 10 9 392
1 11 9 388
1 11 9 389
1 11 9 390
1 11 9 391
1 11 9 392
1 12 9 388
1 12 9 389
1 12 9 390
1 12 9 391
1 12 9 392
1 13 9 388
1 13 9 389
1 13 9 390
1 13 9 391
1 13 9 392
1 14 9 388
1 14 9 389
1 14 9 390
1 14 9 391
1 14 9 392
1 15 9 388
1 15 9 389
1 15 9 390
1 15 9 391
1 15 9 392
1 16 9 388
1 16 9 389
1 16 9 390
1 16 9 391
1 16 9 392
1 17 9 388
1 17 9 389
1 17 9 390
1 17 9 391
1 17 9 392
1 18 9 388
1 18 9 389
1 18 9 390
1 18 9 391
1 18 9 392
1 19 9 388
1 19 9 389
1 19 9 390
1 19 9 391
1 19 9 392
1 20 9 388
1 20 9 389
1 20 9 390
1 20 9 391
1 20 9 392
1 21 9 388
1 21 9 389
1 21 9 390
1 21 9 391
1 21 9 392
1 22 9 388
1 22 9 389
1 22 9 390
1 22 9 391
1 22 9 392
1 23 9 388
1 23 9 389
1 23 9 390
1 23 9 391
1 23 9 392
1 24 9 388
1 24 9 389
1 24 9 390
1 24 9 391
1 24 9 392
1 25 9 388
1 25 9 389
1 25 9 390
1 25 9 391
1 25 9 392
1 26 9 388
1 26 9 389
1 26 9 390
1 26 9 391
1 26 9 392
1 27 9 388
1 27 9 389
1 27 9 390
1 27 9 391
1 27 9 392
1 28 9 388
1 28 9 389
1 28 9 390
1 28 9 391
1 28 9 392
1 29 9 388
1 29 9 389
1 29 9 390
1 29 9 391
1 29 9 392
1 30 9 388
1 30 9 389
1 30 9 390
1 30 9 391
1 30 9 392
1 31 9 388
1 31 9 389
1 31 9 390
1 31 9 391
1 31 9 392
1 32 9 388
1 32 9 389
1 32 9 390
1 32 9 391
1 32 9 392
1 33 9 388
1 33 9 389
1 33 9 390
1 33 9 391
1 33 9 392
1 34 9 388
1 34 9 389
1 34 9 390
1 34 9 391
1 34 9 392
1 35 9 388
1 35 9 389
1 35 9 390
1 35 9 391
1 35 9 392
1 36 9 388
1 36 9 389
1 36 9 390
1 36 9 391
1 36 9 392
1 37 9 388
1 37 9 389
1 37 9 390
1 37 9 391
1 37 9 392
1 38 9 388
1 38 9 389
1 38 9 390
1 38 9 391
1 38 9 392
1 39 9 388
1 39 9 389
1 39 9 390
1 39 9 391
1 39 9 392
1 40 9 388
1 40 9 389
1 40 9 390
1 40 9 391
1 40 9 392
1 41 9 388
1 41 9 389
1 41 9 390
1 41 9 391
1 41 9 392
1 42 9 388
1 42 9 389
1 42 9 390
1 42 9 391
1 42 9 392
1 43 9 388
1 43 9 389
1 43 9 390
1 43 9 391
1 43 9 392
1 44 9 388
1 44 9 389
1 44 9 390
1 44 9 391
1 44 9 392
1 45 9 388
1 45 9 389
1 45 9 390
1 45 9 391
1 45 9 392
1 46 9 388
1 46 9 389
1 46 9 390
1 46 9 391
1 46 9 392
1 47 9 388
1 47 9 389
1 47 9 390
1 47 9 391
1 47 9 392
1 48 9 388
1 48 9 389
1 48 9 390
1 48 9 391
1 48 9 392
1 49 9 388
1 49 9 389
1 49 9 390
1 49 9 391
1 49 9 392
1 50 9 388
1 50 9 389
1 50 9 390
1 50 9 391
1 50 9 392
1 51 9 388
1 51 9 389
1 51 9 390
1 51 9 391
1 51 9 392
1 52 9 388
1 52 9 389
1 52 9 390
1 52 9 391
1 52 9 392
1 53 9 388
1 53 9 389
1 53 9 390
1 53 9 391
1 53 9 392
1 54 9 388
1 54 9 389
1 54 9 390
1 54 9 391
1 54 9 392
1 55 9 388
1 55 9 389
1 55 9 390
1 55 9 391
1 55 9 392
1 56 9 388
1 56 9 389
1 56 9 390
1 56 9 391
1 56 9 392
1 57 9 388
1 57 9 389
1 57 9 390
1 57 9 391
1 57 9 392
1 58 9 388
1 58 9 389
1 58 9 390
1 58 9 391
1 58 9 392
1 59 9 388
1 59 9 389
1 59 9 390
1 59 9 391
1 59 9 392
1 60 9 388
1 60 9 389
1 60 9 390
1 60 9 391
1 60 9 392
1 61 9 388
1 61 9 389
1 61 9 390
1 61 9 391
1 61 9 392
1 62 9 388
1 62 9 389
1 62 9 390
1 62 9 391
1 62 9 392
1 63 9 388
1 63 9 389
1 63 9 390
1 63 9 391
1 63 9 392
1 64 9 388
1 64 9 389
1 64 9 390
1 64 9 391
1 64 9 392
1 65 9 388
1 65 9 389
1 65 9 390
1 65 9 391
1 65 9 392
1 66 9 388
1 66 9 389
1 66 9 390
1 66 9 391
1 66 9 392
1 67 9 388
1 67 9 389
1 67 9 390
1 67 9 391
1 67 9 392
1 68 9 388
1 68 9 389
1 68 9 390
1 68 9 391
1 68 9 392
1 69 9 388
1 69 9 389
1 69 9 390
1 69 9 391
1 69 9 392
1 70 9 388
1 70 9 389
1 70 9 390
1 70 9 391
1 70 9 392
1 71 9 388
1 71 9 389
1 71 9 390
1 71 9 391
1 71 9 392
1 72 9 388
1 72 9 389
1 72 9 390
1 72 9 391
1 72 9 392
1 73 9 388
1 73 9 389
1 73 9 390
1 73 9 391
1 73 9 392
1 74 9 388
1 74 9 389
1 74 9 390
1 74 9 391
1 74 9 392
1 75 9 388
1 75 9 389
1 75 9 390
1 75 9 391
1 75 9 392
1 76 9 388
1 76 9 389
1 76 9 390
1 76 9 391
1 76 9 392
1 77 9 388
1 77 9 389
1 77 9 390
1 77 9 391
1 77 9 392
1 78 9 388
1 78 9 389
1 78 9 390
1 78 9 391
1 78 9 392
1 79 9 388
1 79 9 389
1 79 9 390
1 79 9 391
1 79 9 392
1 80 9 388
1 80 9 389
1 80 9 390
1 80 9 391
1 80 9 392
1 81 9 388
1 81 9 389
1 81 9 390
1 81 9 391
1 81 9 392
1 82 9 388
1 82 9 389
1 82 9 390
1 82 9 391
1 82 9 392
1 83 9 388
1 83 9 389
1 83 9 390
1 83 9 391
1 83 9 392
1 84 9 388
1 84 9 389
1 84 9 390
1 84 9 391
1 84 9 392
1 85 9 388
1 85 9 389
1 85 9 390
1 85 9 391
1 85 9 392
1 86 9 388
1 86 9 389
1 86 9 390
1 86 9 391
1 86 9 392
1 87 9 388
1 87 9 389
1 87 9 390
1 87 9 391
1 87 9 392
1 88 9 388
1 88 9 389
1 88 9 390
1 88 9 391
1 88 9 392
1 89 9 388
1 89 9 389
1 89 9 390
1 89 9 391
1 89 9 392
1 90 9 388
1 90 9 389
1 90 9 390
1 90 9 391
1 90 9 392
1 91 9 388
1 91 9 389
1 91 9 390
1 91 9 391
1 91 9 392
1 92 9 388
1 92 9 389
1 92 9 390
1 92 9 391
1 92 9 392
1 93 9 388
1 93 9 389
1 93 9 390
1 93 9 391
1 93 9 392
1 94 9 388
1 94 9 389
1 94 9 390
1 94 9 391
1 94 9 392
1 95 9 388
1 95 9 389
1 95 9 390
1 95 9 391
1 95 9 392
1 96 9 388
1 96 9 389
1 96 9 390
1 96 9 391
1 96 9 392
1 97 9 388
1 97 9 389
1 97 9 390
1 97 9 391
1 97 9 392
1 98 9 388
1 98 9 389
1 98 9 390
1 98 9 391
1 98 9 392
1 99 9 388
1 99 9 389
1 99 9 390
1 99 9 391
1 99 9 392
1 100 9 388
1 100 9 389
1 100 9 390
1 100 9 391
1 100 9 392
1 101 9 388
1 101 9 389
1 101 9 390
1 101 9 391
1 101 9 392
1 102 9 388
1 102 9 389
1 102 9 390
1 102 9 391
1 102 9 392
1 103 9 388
1 103 9 389
1 103 9 390
1 103 9 391
1 103 9 392
1 104 9 388
1 104 9 389
1 104 9 390
1 104 9 391
1 104 9 392
1 105 9 388
1 105 9 389
1 105 9 390
1 105 9 391
1 105 9 392
1 106 9 388
1 106 9 389
1 106 9 390
1 106 9 391
1 106 9 392
1 107 9 388
1 107 9 389
1 107 9 390
1 107 9 391
1 107 9 392
1 108 9 388
1 108 9 389
1 108 9 390
1 108 9 391
1 108 9 392
1 109 9 388
1 109 9 389
1 109 9 390
1 109 9 391
1 109 9 392
1 110 9 388
1 110 9 389
1 110 9 390
1 110 9 391
1 110 9 392
1 111 9 388
1 111 9 389
1 111 9 390
1 111 9 391
1 111 9 392
1 112 9 388
1 112 9 389
1 112 9 390
1 112 9 391
1 112 9 392
1 113 9 388
1 113 9 389
1 113 9 390
1 113 9 391
1 113 9 392
1 114 9 388
1 114 9 389
1 114 9 390
1 114 9 391
1 114 9 392
1 115 9 388
1 115 9 389
1 115 9 390
1 115 9 391
1 115 9 392
1 116 9 388
1 116 9 389
1 116 9 390
1 116 9 391
1 116 9 392
1 117 9 388
1 117 9 389
1 117 9 390
1 117 9 391
1 117 9 392
1 118 9 388
1 118 9 389
1 118 9 390
1 118 9 391
1 118 9 392
1 119 9 388
1 119 9 389
1 119 9 390
1 119 9 391
1 119 9 392
1 120 9 388
1 120 9 389
1 120 9 390
1 120 9 391
1 120 9 392
1 121 9 388
1 121 9 389
1 121 9 390
1 121 9 391
1 121 9 392
1 122 9 388
1 122 9 389
1 122 9 390
1 122 9 391
1 122 9 392
1 123 9 388
1 123 9 389
1 123 9 390
1 123 9 391
1 123 9 392
1 124 9 388
1 124 9 389
1 124 9 390
1 124 9 391
1 124 9 392
1 125 9 388
1 125 9 389
1 125 9 390
1 125 9 391
1 125 9 392
1 126 9 388
1 126 9 389
1 126 9 390
1 126 9 391
1 126 9 392
1 127 9 388
1 127 9 389
1 127 9 390
1 127 9 391
1 127 9 392
1 128 9 388
1 128 9 389
1 128 9 390
1 128 9 391
1 128 9 392
1 129 9 388
1 129 9 389
1 129 9 390
1 129 9 391
1 129 9 392
1 130 9 388
1 130 9 389
1 130 9 390
1 130 9 391
1 130 9 392
1 131 9 388
1 131 9 389
1 131 9 390
1 131 9 391
1 131 9 392
1 132 9 388
1 132 9 389
1 132 9 390
1 132 9 391
1 132 9 392
1 133 9 388
1 133 9 389
1 133 9 390
1 133 9 391
1 133 9 392
1 134 9 388
1 134 9 389
1 134 9 390
1 134 9 391
1 134 9 392
1 135 9 388
1 135 9 389
1 135 9 390
1 135 9 391
1 135 9 392
1 136 9 388
1 136 9 389
1 136 9 390
1 136 9 391
1 136 9 392
1 137 9 388
1 137 9 389
1 137 9 390
1 137 9 391
1 137 9 392
1 138 9 388
1 138 9 389
1 138 9 390
1 138 9 391
1 138 9 392
1 139 9 388
1 139 9 389
1 139 9 390
1 139 9 391
1 139 9 392
1 140 9 388
1 140 9 389
1 140 9 390
1 140 9 391
1 140 9 392
1 141 9 388
1 141 9 389
1 141 9 390
1 141 9 391
1 141 9 392
1 142 9 388
1 142 9 389
1 142 9 390
1 142 9 391
1 142 9 392
1 143 9 388
1 143 9 389
1 143 9 390
1 143 9 391
1 143 9 392
1 144 9 388
1 144 9 389
1 144 9 390
1 144 9 391
1 144 9 392
1 145 9 388
1 145 9 389
1 145 9 390
1 145 9 391
1 145 9 392
1 146 9 388
1 146 9 389
1 146 9 390
1 146 9 391
1 146 9 392
1 147 9 388
1 147 9 389
1 147 9 390
1 147 9 391
1 147 9 392
1 148 9 388
1 148 9 389
1 148 9 390
1 148 9 391
1 148 9 392
1 149 9 388
1 149 9 389
1 149 9 390
1 149 9 391
1 149 9 392
1 150 9 388
1 150 9 389
1 150 9 390
1 150 9 391
1 150 9 392
1 151 9 388
1 151 9 389
1 151 9 390
1 151 9 391
1 151 9 392
1 152 9 388
1 152 9 389
1 152 9 390
1 152 9 391
1 152 9 392
1 153 9 388
1 153 9 389
1 153 9 390
1 153 9 391
1 153 9 392
1 154 9 388
1 154 9 389
1 154 9 390
1 154 9 391
1 154 9 392
1 155 9 388
1 155 9 389
1 155 9 390
1 155 9 391
1 155 9 392
1 156 9 388
1 156 9 389
1 156 9 390
1 156 9 391
1 156 9 392
1 157 9 388
1 157 9 389
1 157 9 390
1 157 9 391
1 157 9 392
1 158 9 388
1 158 9 389
1 158 9 390
1 158 9 391
1 158 9 392
1 159 9 388
1 159 9 389
1 159 9 390
1 159 9 391
1 159 9 392
1 160 9 388
1 160 9 389
1 160 9 390
1 160 9 391
1 160 9 392
1 161 9 388
1 161 9 389
1 161 9 390
1 161 9 391
1 161 9 392
1 162 9 388
1 162 9 389
1 162 9 390
1 162 9 391
1 162 9 392
1 163 9 388
1 163 9 389
1 163 9 390
1 163 9 391
1 163 9 392
1 164 9 388
1 164 9 389
1 164 9 390
1 164 9 391
1 164 9 392
1 165 9 388
1 165 9 389
1 165 9 390
1 165 9 391
1 165 9 392
1 166 9 388
1 166 9 389
1 166 9 390
1 166 9 391
1 166 9 392
1 167 9 388
1 167 9 389
1 167 9 390
1 167 9 391
1 167 9 392
1 168 9 388
1 168 9 389
1 168 9 390
1 168 9 391
1 168 9 392
1 169 9 388
1 169 9 389
1 169 9 390
1 169 9 391
1 169 9 392
1 170 9 388
1 170 9 389
1 170 9 390
1 170 9 391
1 170 9 392
1 171 9 388
1 171 9 389
1 171 9 390
1 171 9 391
1 171 9 392
1 172 9 388
1 172 9 389
1 172 9 390
1 172 9 391
1 172 9 392
1 173 9 388
1 173 9 389
1 173 9 390
1 173 9 391
1 173 9 392
1 174 9 388
1 174 9 389
1 174 9 390
1 174 9 391
1 174 9 392
1 175 9 388
1 175 9 389
1 175 9 390
1 175 9 391
1 175 9 392
1 176 9 388
1 176 9 389
1 176 9 390
1 176 9 391
1 176 9 392
1 177 9 388
1 177 9 389
1 177 9 390
1 177 9 391
1 177 9 392
1 178 9 388
1 178 9 389
1 178 9 390
1 178 9 391
1 178 9 392
1 179 9 388
1 179 9 389
1 179 9 390
1 179 9 391
1 179 9 392
1 180 9 388
1 180 9 389
1 180 9 390
1 180 9 391
1 180 9 392
1 181 9 388
1 181 9 389
1 181 9 390
1 181 9 391
1 181 9 392
1 182 9 388
1 182 9 389
1 182 9 390
1 182 9 391
1 182 9 392
1 183 9 388
1 183 9 389
1 183 9 390
1 183 9 391
1 183 9 392
1 184 9 388
1 184 9 389
1 184 9 390
1 184 9 391
1 184 9 392
1 185 9 388
1 185 9 389
1 185 9 390
1 185 9 391
1 185 9 392
1 186 9 388
1 186 9 389
1 186 9 390
1 186 9 391
1 186 9 392
1 187 9 388
1 187 9 389
1 187 9 390
1 187 9 391
1 187 9 392
1 188 9 388
1 188 9 389
1 188 9 390
1 188 9 391
1 188 9 392
1 189 9 388
1 189 9 389
1 189 9 390
1 189 9 391
1 189 9 392
1 190 9 388
1 190 9 389
1 190 9 390
1 190 9 391
1 190 9 392
1 191 9 388
1 191 9 389
1 191 9 390
1 191 9 391
1 191 9 392
1 192 9 388
1 192 9 389
1 192 9 390
1 192 9 391
1 192 9 392
1 193 9 388
1 193 9 389
1 193 9 390
1 193 9 391
1 193 9 392
1 194 9 388
1 194 9 389
1 194 9 390
1 194 9 391
1 194 9 392
1 195 9 388
1 195 9 389
1 195 9 390
1 195 9 391
1 195 9 392
1 196 9 388
1 196 9 389
1 196 9 390
1 196 9 391
1 196 9 392
1 197 9 388
1 197 9 389
1 197 9 390
1 197 9 391
1 197 9 392
1 198 9 388
1 198 9 389
1 198 9 390
1 198 9 391
1 198 9 392
1 199 9 388
1 199 9 389
1 199 9 390
1 199 9 391
1 199 9 392
1 200 9 388
1 200 9 389
1 200 9 390
1 200 9 391
1 200 9 392
1 201 9 388
1 201 9 389
1 201 9 390
1 201 9 391
1 201 9 392
1 202 9 388
1 202 9 389
1 202 9 390
1 202 9 391
1 202 9 392
1 203 9 388
1 203 9 389
1 203 9 390
1 203 9 391
1 203 9 392
1 204 9 388
1 204 9 389
1 204 9 390
1 204 9 391
1 204 9 392
1 205 9 388
1 205 9 389
1 205 9 390
1 205 9 391
1 205 9 392
1 206 9 388
1 206 9 389
1 206 9 390
1 206 9 391
1 206 9 392
1 207 9 388
1 207 9 389
1 207 9 390
1 207 9 391
1 207 9 392
1 208 9 388
1 208 9 389
1 208 9 390
1 208 9 391
1 208 9 392
1 209 9 388
1 209 9 389
1 209 9 390
1 209 9 391
1 209 9 392
1 210 9 388
1 210 9 389
1 210 9 390
1 210 9 391
1 210 9 392
1 211 9 388
1 211 9 389
1 211 9 390
1 211 9 391
1 211 9 392
1 212 9 388
1 212 9 389
1 212 9 390
1 212 9 391
1 212 9 392
1 213 9 388
1 213 9 389
1 213 9 390
1 213 9 391
1 213 9 392
1 214 9 388
1 214 9 389
1 214 9 390
1 214 9 391
1 214 9 392
1 215 9 388
1 215 9 389
1 215 9 390
1 215 9 391
1 215 9 392
1 216 9 388
1 216 9 389
1 216 9 390
1 216 9 391
1 216 9 392
1 217 9 388
1 217 9 389
1 217 9 390
1 217 9 391
1 217 9 392
1 218 9 388
1 218 9 389
1 218 9 390
1 218 9 391
1 218 9 392
1 219 9 388
1 219 9 389
1 219 9 390
1 219 9 391
1 219 9 392
1 220 9 388
1 220 9 389
1 220 9 390
1 220 9 391
1 220 9 392
1 221 9 388
1 221 9 389
1 221 9 390
1 221 9 391
1 221 9 392
1 222 9 388
1 222 9 389
1 222 9 390
1 222 9 391
1 222 9 392
1 223 9 388
1 223 9 389
1 223 9 390
1 223 9 391
1 223 9 392
1 224 9 388
1 224 9 389
1 224 9 390
1 224 9 391
1 224 9 392
1 225 9 388
1 225 9 389
1 225 9 390
1 225 9 391
1 225 9 392
1 226 9 388
1 226 9 389
1 226 9 390
1 226 9 391
1 226 9 392
1 227 9 388
1 227 9 389
1 227 9 390
1 227 9 391
1 227 9 392
1 228 9 388
1 228 9 389
1 228 9 390
1 228 9 391
1 228 9 392
1 229 9 388
1 229 9 389
1 229 9 390
1 229 9 391
1 229 9 392
1 230 9 388
1 230 9 389
1 230 9 390
1 230 9 391
1 230 9 392
1 231 9 388
1 231 9 389
1 231 9 390
1 231 9 391
1 231 9 392
1 232 9 388
1 232 9 389
1 232 9 390
1 232 9 391
1 232 9 392
1 233 9 388
1 233 9 389
1 233 9 390
1 233 9 391
1 233 9 392
1 234 9 388
1 234 9 389
1 234 9 390
1 234 9 391
1 234 9 392
1 235 9 388
1 235 9 389
1 235 9 390
1 235 9 391
1 235 9 392
1 236 9 388
1 236 9 389
1 236 9 390
1 236 9 391
1 236 9 392
1 237 9 388
1 237 9 389
1 237 9 390
1 237 9 391
1 237 9 392
1 238 9 388
1 238 9 389
1 238 9 390
1 238 9 391
1 238 9 392
1 239 9 388
1 239 9 389
1 239 9 390
1 239 9 391
1 239 9 392
1 240 9 388
1 240 9 389
1 240 9 390
1 240 9 391
1 240 9 392
1 241 9 388
1 241 9 389
1 241 9 390
1 241 9 391
1 241 9 392
1 242 9 388
1 242 9 389
1 242 9 390
1 242 9 391
1 242 9 392
1 243 9 388
1 243 9 389
1 243 9 390
1 243 9 391
1 243 9 392
1 244 9 388
1 244 9 389
1 244 9 390
1 244 9 391
1 244 9 392
1 245 9 388
1 245 9 389
1 245 9 390
1 245 9 391
1 245 9 392
1 246 9 388
1 246 9 389
1 246 9 390
1 246 9 391
1 246 9 392
1 247 9 388
1 247 9 389
1 247 9 390
1 247 9 391
1 247 9 392
1 248 9 388
1 248 9 389
1 248 9 390
1 248 9 391
1 248 9 392
1 249 9 388
1 249 9 389
1 249 9 390
1 249 9 391
1 249 9 392
1 250 9 388
1 250 9 389
1 250 9 390
1 250 9 391
1 250 9 392
1 251 9 388
1 251 9 389
1 251 9 390
1 251 9 391
1 251 9 392
1 252 9 388
1 252 9 389
1 252 9 390
1 252 9 391
1 252 9 392
1 253 9 388
1 253 9 389
1 253 9 390
1 253 9 391
1 253 9 392
1 254 9 388
1 254 9 389
1 254 9 390
1 254 9 391
1 254 9 392
1 255 9 388
1 255 9 389
1 255 9 390
1 255 9 391
1 255 9 392
1 256 9 388
1 256 9 389
1 256 9 390
1 256 9 391
1 256 9 392
1 257 9 388
1 257 9 389
1 257 9 390
1 257 9 391
1 257 9 392
1 258 9 388
1 258 9 389
1 258 9 390
1 258 9 391
1 258 9 392
1 259 9 388
1 259 9 389
1 259 9 390
1 259 9 391
1 259 9 392
1 260 9 388
1 260 9 389
1 260 9 390
1 260 9 391
1 260 9 392
1 261 9 388
1 261 9 389
1 261 9 390
1 261 9 391
1 261 9 392
1 262 9 388
1 262 9 389
1 262 9 390
1 262 9 391
1 262 9 392
1 263 9 388
1 263 9 389
1 263 9 390
1 263 9 391
1 263 9 392
1 264 9 388
1 264 9 389
1 264 9 390
1 264 9 391
1 264 9 392
1 265 9 388
1 265 9 389
1 265 9 390
1 265 9 391
1 265 9 392
1 266 9 388
1 266 9 389
1 266 9 390
1 266 9 391
1 266 9 392
1 267 9 388
1 267 9 389
1 267 9 390
1 267 9 391
1 267 9 392
1 268 9 388
1 268 9 389
1 268 9 390
1 268 9 391
1 268 9 392
1 269 9 388
1 269 9 389
1 269 9 390
1 269 9 391
1 269 9 392
1 270 9 388
1 270 9 389
1 270 9 390
1 270 9 391
1 270 9 392
1 271 9 388
1 271 9 389
1 271 9 390
1 271 9 391
1 271 9 392
1 272 9 388
1 272 9 389
1 272 9 390
1 272 9 391
1 272 9 392
1 273 9 388
1 273 9 389
1 273 9 390
1 273 9 391
1 273 9 392
1 274 9 388
1 274 9 389
1 274 9 390
1 274 9 391
1 274 9 392
1 275 9 388
1 275 9 389
1 275 9 390
1 275 9 391
1 275 9 392
1 276 9 388
1 276 9 389
1 276 9 390
1 276 9 391
1 276 9 392
1 277 9 388
1 277 9 389
1 277 9 390
1 277 9 391
1 277 9 392
1 278 9 388
1 278 9 389
1 278 9 390
1 278 9 391
1 278 9 392
1 279 9 388
1 279 9 389
1 279 9 390
1 279 9 391
1 279 9 392
1 280 9 388
1 280 9 389
1 280 9 390
1 280 9 391
1 280 9 392
1 281 9 388
1 281 9 389
1 281 9 390
1 281 9 391
1 281 9 392
1 282 9 388
1 282 9 389
1 282 9 390
1 282 9 391
1 282 9 392
1 283 9 388
1 283 9 389
1 283 9 390
1 283 9 391
1 283 9 392
1 284 9 388
1 284 9 389
1 284 9 390
1 284 9 391
1 284 9 392
1 285 9 388
1 285 9 389
1 285 9 390
1 285 9 391
1 285 9 392
1 286 9 388
1 286 9 389
1 286 9 390
1 286 9 391
1 286 9 392
1 287 9 388
1 287 9 389
1 287 9 390
1 287 9 391
1 287 9 392
1 288 9 388
1 288 9 389
1 288 9 390
1 288 9 391
1 288 9 392
1 289 9 388
1 289 9 389
1 289 9 390
1 289 9 391
1 289 9 392
1 290 9 388
1 290 9 389
1 290 9 390
1 290 9 391
1 290 9 392
1 291 9 388
1 291 9 389
1 291 9 390
1 291 9 391
1 291 9 392
1 292 9 388
1 292 9 389
1 292 9 390
1 292 9 391
1 292 9 392
1 293 9 388
1 293 9 389
1 293 9 390
1 293 9 391
1 293 9 392
1 294 9 388
1 294 9 389
1 294 9 390
1 294 9 391
1 294 9 392
1 295 9 388
1 295 9 389
1 295 9 390
1 295 9 391
1 295 9 392
1 296 9 388
1 296 9 389
1 296 9 390
1 296 9 391
1 296 9 392
1 297 9 388
1 297 9 389
1 297 9 390
1 297 9 391
1 297 9 392
1 298 9 388
1 298 9 389
1 298 9 390
1 298 9 391
1 298 9 392
1 299 9 388
1 299 9 389
1 299 9 390
1 299 9 391
1 299 9 392
1 300 9 388
1 300 9 389
1 300 9 390
1 300 9 391
1 300 9 392
1 301 9 388
1 301 9 389
1 301 9 390
1 301 9 391
1 301 9 392
1 302 9 388
1 302 9 389
1 302 9 390
1 302 9 391
1 302 9 392
1 303 9 388
1 303 9 389
1 303 9 390
1 303 9 391
1 303 9 392
1 304 9 388
1 304 9 389
1 304 9 390
1 304 9 391
1 304 9 392
1 305 9 388
1 305 9 389
1 305 9 390
1 305 9 391
1 305 9 392
1 306 9 388
1 306 9 389
1 306 9 390
1 306 9 391
1 306 9 392
1 307 9 388
1 307 9 389
1 307 9 390
1 307 9 391
1 307 9 392
1 308 9 388
1 308 9 389
1 308 9 390
1 308 9 391
1 308 9 392
1 309 9 388
1 309 9 389
1 309 9 390
1 309 9 391
1 309 9 392
1 310 9 388
1 310 9 389
1 310 9 390
1 310 9 391
1 310 9 392
1 311 9 388
1 311 9 389
1 311 9 390
1 311 9 391
1 311 9 392
1 312 9 388
1 312 9 389
1 312 9 390
1 312 9 391
1 312 9 392
1 313 9 388
1 313 9 389
1 313 9 390
1 313 9 391
1 313 9 392
1 314 9 388
1 314 9 389
1 314 9 390
1 314 9 391
1 314 9 392
1 315 9 388
1 315 9 389
1 315 9 390
1 315 9 391
1 315 9 392
1 316 9 388
1 316 9 389
1 316 9 390
1 316 9 391
1 316 9 392
1 317 9 388
1 317 9 389
1 317 9 390
1 317 9 391
1 317 9 392
1 318 9 388
1 318 9 389
1 318 9 390
1 318 9 391
1 318 9 392
1 319 9 388
1 319 9 389
1 319 9 390
1 319 9 391
1 319 9 392
1 320 9 388
1 320 9 389
1 320 9 390
1 320 9 391
1 320 9 392
1 321 9 388
1 321 9 389
1 321 9 390
1 321 9 391
1 321 9 392
1 322 9 388
1 322 9 389
1 322 9 390
1 322 9 391
1 322 9 392
1 323 9 388
1 323 9 389
1 323 9 390
1 323 9 391
1 323 9 392
1 324 9 388
1 324 9 389
1 324 9 390
1 324 9 391
1 324 9 392
1 325 9 388
1 325 9 389
1 325 9 390
1 325 9 391
1 325 9 392
1 326 9 388
1 326 9 389
1 326 9 390
1 326 9 391
1 326 9 392
1 327 9 388
1 327 9 389
1 327 9 390
1 327 9 391
1 327 9 392
1 328 9 388
1 328 9 389
1 328 9 390
1 328 9 391
1 328 9 392
1 329 9 388
1 329 9 389
1 329 9 390
1 329 9 391
1 329 9 392
1 330 9 388
1 330 9 389
1 330 9 390
1 330 9 391
1 330 9 392
1 331 9 388
1 331 9 389
1 331 9 390
1 331 9 391
1 331 9 392
1 332 9 388
1 332 9 389
1 332 9 390
1 332 9 391
1 332 9 392
1 333 9 388
1 333 9 389
1 333 9 390
1 333 9 391
1 333 9 392
1 334 9 388
1 334 9 389
1 334 9 390
1 334 9 391
1 334 9 392
1 335 9 388
1 335 9 389
1 335 9 390
1 335 9 391
1 335 9 392
1 336 9 388
1 336 9 389
1 336 9 390
1 336 9 391
1 336 9 392
1 337 9 388
1 337 9 389
1 337 9 390
1 337 9 391
1 337 9 392
1 338 9 388
1 338 9 389
1 338 9 390
1 338 9 391
1 338 9 392
1 339 9 388
1 339 9 389
1 339 9 390
1 339 9 391
1 339 9 392
1 340 9 388
1 340 9 389
1 340 9 390
1 340 9 391
1 340 9 392
1 341 9 388
1 341 9 389
1 341 9 390
1 341 9 391
1 341 9 392
1 342 9 388
1 342 9 389
1 342 9 390
1 342 9 391
1 342 9 392
1 343 9 388
1 343 9 389
1 343 9 390
1 343 9 391
1 343 9 392
1 344 9 388
1 344 9 389
1 344 9 390
1 344 9 391
1 344 9 392
1 345 9 388
1 345 9 389
1 345 9 390
1 345 9 391
1 345 9 392
1 346 9 388
1 346 9 389
1 346 9 390
1 346 9 391
1 346 9 392
1 347 9 388
1 347 9 389
1 347 9 390
1 347 9 391
1 347 9 392
1 348 9 388
1 348 9 389
1 348 9 390
1 348 9 391
1 348 9 392
1 349 9 388
1 349 9 389
1 349 9 390
1 349 9 391
1 349 9 392
1 350 9 388
1 350 9 389
1 350 9 390
1 350 9 391
1 350 9 392
1 351 9 388
1 351 9 389
1 351 9 390
1 351 9 391
1 351 9 392
1 352 9 388
1 352 9 389
1 352 9 390
1 352 9 391
1 352 9 392
1 353 9 388
1 353 9 389
1 353 9 390
1 353 9 391
1 353 9 392
1 354 9 388
1 354 9 389
1 354 9 390
1 354 9 391
1 354 9 392
1 355 9 388
1 355 9 389
1 355 9 390
1 355 9 391
1 355 9 392
1 356 9 388
1 356 9 389
1 356 9 390
1 356 9 391
1 356 9 392
1 357 9 388
1 357 9 389
1 357 9 390
1 357 9 391
1 357 9 392
1 358 9 388
1 358 9 389
1 358 9 390
1 358 9 391
1 358 9 392
1 359 9 388
1 359 9 389
1 359 9 390
1 359 9 391
1 359 9 392
1 360 9 388
1 360 9 389
1 360 9 390
1 360 9 391
1 360 9 392
1 361 9 388
1 361 9 389
1 361 9 390
1 361 9 391
1 361 9 392
1 362 9 388
1 362 9 389
1 362 9 390
1 362 9 391
1 362 9 392
1 363 9 388
1 363 9 389
1 363 9 390
1 363 9 391
1 363 9 392
1 364 9 388
1 364 9 389
1 364 9 390
1 364 9 391
1 364 9 392
1 365 9 388
1 365 9 389
1 365 9 390
1 365 9 391
1 365 9 392
1 366 9 388
1 366 9 389
1 366 9 390
1 366 9 391
1 366 9 392
1 367 9 388
1 367 9 389
1 367 9 390
1 367 9 391
1 367 9 392
1 368 9 388
1 368 9 389
1 368 9 390
1 368 9 391
1 368 9 392
1 369 9 388
1 369 9 389
1 369 9 390
1 369 9 391
1 369 9 392
1 370 9 388
1 370 9 389
1 370 9 390
1 370 9 391
1 370 9 392
1 371 9 388
1 371 9 389
1 371 9 390
1 371 9 391
1 371 9 392
1 372 9 388
1 372 9 389
1 372 9 390
1 372 9 391
1 372 9 392
1 373 9 388
1 373 9 389
1 373 9 390
1 373 9 391
1 373 9 392
1 374 9 388
1 374 9 389
1 374 9 390
1 374 9 391
1 374 9 392
1 375 9 388
1 375 9 389
1 375 9 390
1 375 9 391
1 375 9 392
1 376 9 388
1 376 9 389
1 376 9 390
1 376 9 391
1 376 9 392
1 377 9 388
1 377 9 389
1 377 9 390
1 377 9 391
1 377 9 392
1 378 9 388
1 378 9 389
1 378 9 390
1 378 9 391
1 378 9 392
1 379 9 388
1 379 9 389
1 379 9 390
1 379 9 391
1 379 9 392
1 380 9 388
1 380 9 389
1 380 9 390
1 380 9 391
1 380 9 392
1 381 9 388
1 381 9 389
1 381 9 390
1 381 9 391
1 381 9 392
1 382 9 388
1 382 9 389
1 382 9 390
1 382 9 391
1 382 9 392
1 383 9 388
1 383 9 389
1 383 9 390
1 383 9 391
1 383 9 392
1 384 9 388
1 384 9 389
1 384 9 390
1 384 9 391
1 384 9 392
1 385 9 388
1 385 9 389
1 385 9 390
1 385 9 391
1 385 9 392
1 386 9 388
1 386 9 389
1 386 9 390
1 386 9 391
1 386 9 392
1 387 9 388
1 387 9 389
1 387 9 390
1 387 9 391
1 387 9 392
1 388 9 388
1 388 9 389
1 388 9 390
1 388 9 391
1 388 9 392
1 389 9 388
1 389 9 389
1 389 9 390
1 389 9 391
1 389 9 392
1 390 9 388
1 390 9 389
1 390 9 390
1 390 9 391
1 390 9 392
1 391 9 388
1 391 9 389
1 391 9 390
1 391 9 391
1 391 9 392
1 392 9 388
1 392 9 389
1 392 9 390
1 392 9 391
1 392 9 392
