76 -2 0 -2
76 0 0 0
76 -2 0 -1
76 0 0 1
76 -2 0 0
76 0 0 2
76 -2 0 1
76 0 0 3
76 -2 0 2
76 0 0 4
76 -2 0 3
76 0 0 5
76 -2 0 4
76 0 0 6
76 -2 0 5
76 0 0 7
76 -2 0 6
76 0 0 8
76 -2 0 7
76 0 0 9
76 -2 0 8
76 0 0 10
76 -2 0 9
76 0 0 11
76 -2 0 10
76 0 0 12
76 -2 0 11
76 0 0 13
76 -2 0 12
76 0 0 14
76 -2 0 13
76 0 0 15
76 -2 0 14
76 0 0 16
76 -2 0 15
76 0 0 17
76 -2 0 16
76 0 0 18
76 -2 0 17
76 0 0 19
76 -2 0 18
76 0 0 20
76 -2 0 19
76 0 0 21
76 -2 0 20
76 0 0 22
76 -2 0 21
76 0 0 23
76 -2 0 22
76 0 0 24
76 -2 0 23
76 0 0 25
76 -2 0 24
76 0 0 26
76 -2 0 25
76 0 0 27
76 -2 0 26
76 0 0 28
76 -2 0 27
76 0 0 29
76 -2 0 28
76 0 0 30
76 -2 0 29
76 0 0 31
76 -2 0 30
76 0 0 32
76 -2 0 31
76 0 0 33
76 -2 0 32
76 0 0 34
76 -2 0 33
76 0 0 35
76 -2 0 34
76 0 0 36
76 -2 0 35
76 0 0 37
76 -2 0 36
76 0 0 38
76 -2 0 37
76 0 0 39
76 -2 0 38
76 0 0 40
76 -2 0 39
76 0 0 41
76 -2 0 40
76 0 0 42
76 -2 0 41
76 0 0 43
76 -2 0 42
76 0 0 44
76 -2 0 43
76 0 0 45
76 -2 0 44
76 0 0 46
76 -2 0 45
76 0 0 47
76 -2 0 46
76 0 0 48
76 -2 0 47
76 0 0 49
76 -2 0 48
76 0 0 50
76 -2 0 49
76 0 0 51
76 -2 0 50
76 0 0 52
76 -2 0 51
76 0 0 53
76 -2 0 52
76 0 0 54
76 -2 0 53
76 0 0 55
76 -2 0 54
76 0 0 56
76 -2 0 55
76 0 0 57
76 -2 0 56
76 0 0 58
76 -2 0 57
76 0 0 59
76 -2 0 58
76 0 0 60
76 -2 0 59
76 0 0 61
76 -2 0 60
76 0 0 62
76 -2 0 61
76 0 0 63
76 -2 0 62
76 0 0 64
76 -2 0 63
76 0 0 65
76 -2 0 64
76 0 0 66
76 -2 0 65
76 0 0 67
76 -2 0 66
76 0 0 68
76 -2 0 67
76 0 0 69
76 -2 0 68
76 0 0 70
76 -2 0 69
76 0 0 71
76 -2 0 70
76 0 0 72
76 -2 0 71
76 0 0 73
76 -2 0 72
76 0 0 74
76 -2 0 73
76 0 0 75
76 -2 0 74
76 0 0 76
76 -2 0 75
76 0 0 77
76 -2 0 76
76 0 0 78
76 -2 0 77
76 0 0 79
76 -2 0 78
76 0 0 80
76 -2 0 79
76 0 0 81
76 -2 0 80
76 0 0 82
76 -2 0 81
76 0 0 83
76 -2 0 82
76 0 0 84
76 -2 0 83
76 0 0 85
76 -2 0 84
76 0 0 86
76 -2 0 85
76 0 0 87
76 -2 0 86
76 0 0 88
76 -2 0 87
76 0 0 89
76 -2 0 88
76 0 0 90
76 -2 0 89
76 0 0 91
76 -2 0 90
76 0 0 92
76 -2 0 91
76 0 0 93
76 -2 0 92
76 0 0 94
76 -2 0 93
76 0 0 95
76 -2 0 94
76 0 0 96
76 -2 0 95
76 0 0 97
76 -2 0 96
76 0 0 98
76 -2 0 97
76 0 0 99
76 -2 0 98
76 0 0 100
76 -2 0 99
76 0 0 101
76 -2 0 100
76 0 0 102
76 -2 0 101
76 0 0 103
76 -2 0 102
76 0 0 104
76 -2 0 103
76 0 0 105
76 -1 0 -2
76 1 0 0
76 -1 0 33
76 1 0 35
76 -1 0 68
76 1 0 70
76 -1 0 103
76 1 0 105
76 0 0 -2
76 2 0 0
76 0 0 33
76 2 0 35
76 0 0 68
76 2 0 70
76 0 0 103
76 2 0 105
76 1 0 -2
76 3 0 0
76 1 0 33
76 3 0 35
76 1 0 68
76 3 0 70
76 1 0 103
76 3 0 105
76 2 0 -2
76 4 0 0
76 2 0 33
76 4 0 35
76 2 0 68
76 4 0 70
76 2 0 103
76 4 0 105
76 3 0 -2
76 5 0 0
76 3 0 33
76 5 0 35
76 3 0 68
76 5 0 70
76 3 0 103
76 5 0 105
76 4 0 -2
76 6 0 0
76 4 0 33
76 6 0 35
76 4 0 68
76 6 0 70
76 4 0 103
76 6 0 105
76 5 0 -2
76 7 0 0
76 5 0 33
76 7 0 35
76 5 0 68
76 7 0 70
76 5 0 103
76 7 0 105
76 6 0 -2
76 8 0 0
76 6 0 33
76 8 0 35
76 6 0 68
76 8 0 70
76 6 0 103
76 8 0 105
76 7 0 -2
76 9 0 0
76 7 0 33
76 9 0 35
76 7 0 68
76 9 0 70
76 7 0 103
76 9 0 105
76 8 0 -2
76 10 0 0
76 8 0 33
76 10 0 35
76 8 0 68
76 10 0 70
76 8 0 103
76 10 0 105
76 9 0 -2
76 11 0 0
76 9 0 33
76 11 0 35
76 9 0 68
76 11 0 70
76 9 0 103
76 11 0 105
76 10 0 -2
76 12 0 0
76 10 0 33
76 12 0 35
76 10 0 68
76 12 0 70
76 10 0 103
76 12 0 105
76 11 0 -2
76 13 0 0
76 11 0 33
76 13 0 35
76 11 0 68
76 13 0 70
76 11 0 103
76 13 0 105
76 12 0 -2
76 14 0 0
76 12 0 33
76 14 0 35
76 12 0 68
76 14 0 70
76 12 0 103
76 14 0 105
76 13 0 -2
76 15 0 0
76 13 0 33
76 15 0 35
76 13 0 68
76 15 0 70
76 13 0 103
76 15 0 105
76 14 0 -2
76 16 0 0
76 14 0 33
76 16 0 35
76 14 0 68
76 16 0 70
76 14 0 103
76 16 0 105
76 15 0 -2
76 17 0 0
76 15 0 33
76 17 0 35
76 15 0 68
76 17 0 70
76 15 0 103
76 17 0 105
76 16 0 -2
76 18 0 0
76 16 0 33
76 18 0 35
76 16 0 68
76 18 0 70
76 16 0 103
76 18 0 105
76 17 0 -2
76 19 0 0
76 17 0 33
76 19 0 35
76 17 0 68
76 19 0 70
76 17 0 103
76 19 0 105
76 18 0 -2
76 20 0 0
76 18 0 33
76 20 0 35
76 18 0 68
76 20 0 70
76 18 0 103
76 20 0 105
76 19 0 -2
76 21 0 0
76 19 0 33
76 21 0 35
76 19 0 68
76 21 0 70
76 19 0 103
76 21 0 105
76 20 0 -2
76 22 0 0
76 20 0 33
76 22 0 35
76 20 0 68
76 22 0 70
76 20 0 103
76 22 0 105
76 21 0 -2
76 23 0 0
76 21 0 33
76 23 0 35
76 21 0 68
76 23 0 70
76 21 0 103
76 23 0 105
76 22 0 -2
76 24 0 0
76 22 0 33
76 24 0 35
76 22 0 68
76 24 0 70
76 22 0 103
76 24 0 105
76 23 0 -2
76 25 0 0
76 23 0 33
76 25 0 35
76 23 0 68
76 25 0 70
76 23 0 103
76 25 0 105
76 24 0 -2
76 26 0 0
76 24 0 33
76 26 0 35
76 24 0 68
76 26 0 70
76 24 0 103
76 26 0 105
76 25 0 -2
76 27 0 0
76 25 0 33
76 27 0 35
76 25 0 68
76 27 0 70
76 25 0 103
76 27 0 105
76 26 0 -2
76 28 0 0
76 26 0 33
76 28 0 35
76 26 0 68
76 28 0 70
76 26 0 103
76 28 0 105
76 27 0 -2
76 29 0 0
76 27 0 33
76 29 0 35
76 27 0 68
76 29 0 70
76 27 0 103
76 29 0 105
76 28 0 -2
76 30 0 0
76 28 0 33
76 30 0 35
76 28 0 68
76 30 0 70
76 28 0 103
76 30 0 105
76 29 0 -2
76 31 0 0
76 29 0 33
76 31 0 35
76 29 0 68
76 31 0 70
76 29 0 103
76 31 0 105
76 30 0 -2
76 32 0 0
76 30 0 33
76 32 0 35
76 30 0 68
76 32 0 70
76 30 0 103
76 32 0 105
76 31 0 -2
76 33 0 0
76 31 0 33
76 33 0 35
76 31 0 68
76 33 0 70
76 31 0 103
76 33 0 105
76 32 0 -2
76 34 0 0
76 32 0 33
76 34 0 35
76 32 0 68
76 34 0 70
76 32 0 103
76 34 0 105
76 33 0 -2
76 35 0 0
76 33 0 -1
76 35 0 1
76 33 0 0
76 35 0 2
76 33 0 1
76 35 0 3
76 33 0 2
76 35 0 4
76 33 0 3
76 35 0 5
76 33 0 4
76 35 0 6
76 33 0 5
76 35 0 7
76 33 0 6
76 35 0 8
76 33 0 7
76 35 0 9
76 33 0 8
76 35 0 10
76 33 0 9
76 35 0 11
76 33 0 10
76 35 0 12
76 33 0 11
76 35 0 13
76 33 0 12
76 35 0 14
76 33 0 13
76 35 0 15
76 33 0 14
76 35 0 16
76 33 0 15
76 35 0 17
76 33 0 16
76 35 0 18
76 33 0 17
76 35 0 19
76 33 0 18
76 35 0 20
76 33 0 19
76 35 0 21
76 33 0 20
76 35 0 22
76 33 0 21
76 35 0 23
76 33 0 22
76 35 0 24
76 33 0 23
76 35 0 25
76 33 0 24
76 35 0 26
76 33 0 25
76 35 0 27
76 33 0 26
76 35 0 28
76 33 0 27
76 35 0 29
76 33 0 28
76 35 0 30
76 33 0 29
76 35 0 31
76 33 0 30
76 35 0 32
76 33 0 31
76 35 0 33
76 33 0 32
76 35 0 34
76 33 0 33
76 35 0 35
76 33 0 34
76 35 0 36
76 33 0 35
76 35 0 37
76 33 0 36
76 35 0 38
76 33 0 37
76 35 0 39
76 33 0 38
76 35 0 40
76 33 0 39
76 35 0 41
76 33 0 40
76 35 0 42
76 33 0 41
76 35 0 43
76 33 0 42
76 35 0 44
76 33 0 43
76 35 0 45
76 33 0 44
76 35 0 46
76 33 0 45
76 35 0 47
76 33 0 46
76 35 0 48
76 33 0 47
76 35 0 49
76 33 0 48
76 35 0 50
76 33 0 49
76 35 0 51
76 33 0 50
76 35 0 52
76 33 0 51
76 35 0 53
76 33 0 52
76 35 0 54
76 33 0 53
76 35 0 55
76 33 0 54
76 35 0 56
76 33 0 55
76 35 0 57
76 33 0 56
76 35 0 58
76 33 0 57
76 35 0 59
76 33 0 58
76 35 0 60
76 33 0 59
76 35 0 61
76 33 0 60
76 35 0 62
76 33 0 61
76 35 0 63
76 33 0 62
76 35 0 64
76 33 0 63
76 35 0 65
76 33 0 64
76 35 0 66
76 33 0 65
76 35 0 67
76 33 0 66
76 35 0 68
76 33 0 67
76 35 0 69
76 33 0 68
76 35 0 70
76 33 0 69
76 35 0 71
76 33 0 70
76 35 0 72
76 33 0 71
76 35 0 73
76 33 0 72
76 35 0 74
76 33 0 73
76 35 0 75
76 33 0 74
76 35 0 76
76 33 0 75
76 35 0 77
76 33 0 76
76 35 0 78
76 33 0 77
76 35 0 79
76 33 0 78
76 35 0 80
76 33 0 79
76 35 0 81
76 33 0 80
76 35 0 82
76 33 0 81
76 35 0 83
76 33 0 82
76 35 0 84
76 33 0 83
76 35 0 85
76 33 0 84
76 35 0 86
76 33 0 85
76 35 0 87
76 33 0 86
76 35 0 88
76 33 0 87
76 35 0 89
76 33 0 88
76 35 0 90
76 33 0 89
76 35 0 91
76 33 0 90
76 35 0 92
76 33 0 91
76 35 0 93
76 33 0 92
76 35 0 94
76 33 0 93
76 35 0 95
76 33 0 94
76 35 0 96
76 33 0 95
76 35 0 97
76 33 0 96
76 35 0 98
76 33 0 97
76 35 0 99
76 33 0 98
76 35 0 100
76 33 0 99
76 35 0 101
76 33 0 100
76 35 0 102
76 33 0 101
76 35 0 103
76 33 0 102
76 35 0 104
76 33 0 103
76 35 0 105
76 34 0 -2
76 36 0 0
76 34 0 33
76 36 0 35
76 34 0 68
76 36 0 70
76 34 0 103
76 36 0 105
76 35 0 -2
76 37 0 0
76 35 0 33
76 37 0 35
76 35 0 68
76 37 0 70
76 35 0 103
76 37 0 105
76 36 0 -2
76 38 0 0
76 36 0 33
76 38 0 35
76 36 0 68
76 38 0 70
76 36 0 103
76 38 0 105
76 37 0 -2
76 39 0 0
76 37 0 33
76 39 0 35
76 37 0 68
76 39 0 70
76 37 0 103
76 39 0 105
76 38 0 -2
76 40 0 0
76 38 0 33
76 40 0 35
76 38 0 68
76 40 0 70
76 38 0 103
76 40 0 105
76 39 0 -2
76 41 0 0
76 39 0 33
76 41 0 35
76 39 0 68
76 41 0 70
76 39 0 103
76 41 0 105
76 40 0 -2
76 42 0 0
76 40 0 33
76 42 0 35
76 40 0 68
76 42 0 70
76 40 0 103
76 42 0 105
76 41 0 -2
76 43 0 0
76 41 0 33
76 43 0 35
76 41 0 68
76 43 0 70
76 41 0 103
76 43 0 105
76 42 0 -2
76 44 0 0
76 42 0 33
76 44 0 35
76 42 0 68
76 44 0 70
76 42 0 103
76 44 0 105
76 43 0 -2
76 45 0 0
76 43 0 33
76 45 0 35
76 43 0 68
76 45 0 70
76 43 0 103
76 45 0 105
76 44 0 -2
76 46 0 0
76 44 0 33
76 46 0 35
76 44 0 68
76 46 0 70
76 44 0 103
76 46 0 105
76 45 0 -2
76 47 0 0
76 45 0 33
76 47 0 35
76 45 0 68
76 47 0 70
76 45 0 103
76 47 0 105
76 46 0 -2
76 48 0 0
76 46 0 33
76 48 0 35
76 46 0 68
76 48 0 70
76 46 0 103
76 48 0 105
76 47 0 -2
76 49 0 0
76 47 0 33
76 49 0 35
76 47 0 68
76 49 0 70
76 47 0 103
76 49 0 105
76 48 0 -2
76 50 0 0
76 48 0 33
76 50 0 35
76 48 0 68
76 50 0 70
76 48 0 103
76 50 0 105
76 49 0 -2
76 51 0 0
76 49 0 33
76 51 0 35
76 49 0 68
76 51 0 70
76 49 0 103
76 51 0 105
76 50 0 -2
76 52 0 0
76 50 0 33
76 52 0 35
76 50 0 68
76 52 0 70
76 50 0 103
76 52 0 105
76 51 0 -2
76 53 0 0
76 51 0 33
76 53 0 35
76 51 0 68
76 53 0 70
76 51 0 103
76 53 0 105
76 52 0 -2
76 54 0 0
76 52 0 33
76 54 0 35
76 52 0 68
76 54 0 70
76 52 0 103
76 54 0 105
76 53 0 -2
76 55 0 0
76 53 0 33
76 55 0 35
76 53 0 68
76 55 0 70
76 53 0 103
76 55 0 105
76 54 0 -2
76 56 0 0
76 54 0 33
76 56 0 35
76 54 0 68
76 56 0 70
76 54 0 103
76 56 0 105
76 55 0 -2
76 57 0 0
76 55 0 33
76 57 0 35
76 55 0 68
76 57 0 70
76 55 0 103
76 57 0 105
76 56 0 -2
76 58 0 0
76 56 0 33
76 58 0 35
76 56 0 68
76 58 0 70
76 56 0 103
76 58 0 105
76 57 0 -2
76 59 0 0
76 57 0 33
76 59 0 35
76 57 0 68
76 59 0 70
76 57 0 103
76 59 0 105
76 58 0 -2
76 60 0 0
76 58 0 33
76 60 0 35
76 58 0 68
76 60 0 70
76 58 0 103
76 60 0 105
76 59 0 -2
76 61 0 0
76 59 0 33
76 61 0 35
76 59 0 68
76 61 0 70
76 59 0 103
76 61 0 105
76 60 0 -2
76 62 0 0
76 60 0 33
76 62 0 35
76 60 0 68
76 62 0 70
76 60 0 103
76 62 0 105
76 61 0 -2
76 63 0 0
76 61 0 33
76 63 0 35
76 61 0 68
76 63 0 70
76 61 0 103
76 63 0 105
76 62 0 -2
76 64 0 0
76 62 0 33
76 64 0 35
76 62 0 68
76 64 0 70
76 62 0 103
76 64 0 105
76 63 0 -2
76 65 0 0
76 63 0 33
76 65 0 35
76 63 0 68
76 65 0 70
76 63 0 103
76 65 0 105
76 64 0 -2
76 66 0 0
76 64 0 33
76 66 0 35
76 64 0 68
76 66 0 70
76 64 0 103
76 66 0 105
76 65 0 -2
76 67 0 0
76 65 0 33
76 67 0 35
76 65 0 68
76 67 0 70
76 65 0 103
76 67 0 105
76 66 0 -2
76 68 0 0
76 66 0 33
76 68 0 35
76 66 0 68
76 68 0 70
76 66 0 103
76 68 0 105
76 67 0 -2
76 69 0 0
76 67 0 33
76 69 0 35
76 67 0 68
76 69 0 70
76 67 0 103
76 69 0 105
76 68 0 -2
76 70 0 0
76 68 0 -1
76 70 0 1
76 68 0 0
76 70 0 2
76 68 0 1
76 70 0 3
76 68 0 2
76 70 0 4
76 68 0 3
76 70 0 5
76 68 0 4
76 70 0 6
76 68 0 5
76 70 0 7
76 68 0 6
76 70 0 8
76 68 0 7
76 70 0 9
76 68 0 8
76 70 0 10
76 68 0 9
76 70 0 11
76 68 0 10
76 70 0 12
76 68 0 11
76 70 0 13
76 68 0 12
76 70 0 14
76 68 0 13
76 70 0 15
76 68 0 14
76 70 0 16
76 68 0 15
76 70 0 17
76 68 0 16
76 70 0 18
76 68 0 17
76 70 0 19
76 68 0 18
76 70 0 20
76 68 0 19
76 70 0 21
76 68 0 20
76 70 0 22
76 68 0 21
76 70 0 23
76 68 0 22
76 70 0 24
76 68 0 23
76 70 0 25
76 68 0 24
76 70 0 26
76 68 0 25
76 70 0 27
76 68 0 26
76 70 0 28
76 68 0 27
76 70 0 29
76 68 0 28
76 70 0 30
76 68 0 29
76 70 0 31
76 68 0 30
76 70 0 32
76 68 0 31
76 70 0 33
76 68 0 32
76 70 0 34
76 68 0 33
76 70 0 35
76 68 0 34
76 70 0 36
76 68 0 35
76 70 0 37
76 68 0 36
76 70 0 38
76 68 0 37
76 70 0 39
76 68 0 38
76 70 0 40
76 68 0 39
76 70 0 41
76 68 0 40
76 70 0 42
76 68 0 41
76 70 0 43
76 68 0 42
76 70 0 44
76 68 0 43
76 70 0 45
76 68 0 44
76 70 0 46
76 68 0 45
76 70 0 47
76 68 0 46
76 70 0 48
76 68 0 47
76 70 0 49
76 68 0 48
76 70 0 50
76 68 0 49
76 70 0 51
76 68 0 50
76 70 0 52
76 68 0 51
76 70 0 53
76 68 0 52
76 70 0 54
76 68 0 53
76 70 0 55
76 68 0 54
76 70 0 56
76 68 0 55
76 70 0 57
76 68 0 56
76 70 0 58
76 68 0 57
76 70 0 59
76 68 0 58
76 70 0 60
76 68 0 59
76 70 0 61
76 68 0 60
76 70 0 62
76 68 0 61
76 70 0 63
76 68 0 62
76 70 0 64
76 68 0 63
76 70 0 65
76 68 0 64
76 70 0 66
76 68 0 65
76 70 0 67
76 68 0 66
76 70 0 68
76 68 0 67
76 70 0 69
76 68 0 68
76 70 0 70
76 68 0 69
76 70 0 71
76 68 0 70
76 70 0 72
76 68 0 71
76 70 0 73
76 68 0 72
76 70 0 74
76 68 0 73
76 70 0 75
76 68 0 74
76 70 0 76
76 68 0 75
76 70 0 77
76 68 0 76
76 70 0 78
76 68 0 77
76 70 0 79
76 68 0 78
76 70 0 80
76 68 0 79
76 70 0 81
76 68 0 80
76 70 0 82
76 68 0 81
76 70 0 83
76 68 0 82
76 70 0 84
76 68 0 83
76 70 0 85
76 68 0 84
76 70 0 86
76 68 0 85
76 70 0 87
76 68 0 86
76 70 0 88
76 68 0 87
76 70 0 89
76 68 0 88
76 70 0 90
76 68 0 89
76 70 0 91
76 68 0 90
76 70 0 92
76 68 0 91
76 70 0 93
76 68 0 92
76 70 0 94
76 68 0 93
76 70 0 95
76 68 0 94
76 70 0 96
76 68 0 95
76 70 0 97
76 68 0 96
76 70 0 98
76 68 0 97
76 70 0 99
76 68 0 98
76 70 0 100
76 68 0 99
76 70 0 101
76 68 0 100
76 70 0 102
76 68 0 101
76 70 0 103
76 68 0 102
76 70 0 104
76 68 0 103
76 70 0 105
76 69 0 -2
76 71 0 0
76 69 0 33
76 71 0 35
76 69 0 68
76 71 0 70
76 69 0 103
76 71 0 105
76 70 0 -2
76 72 0 0
76 70 0 33
76 72 0 35
76 70 0 68
76 72 0 70
76 70 0 103
76 72 0 105
76 71 0 -2
76 73 0 0
76 71 0 33
76 73 0 35
76 71 0 68
76 73 0 70
76 71 0 103
76 73 0 105
76 72 0 -2
76 74 0 0
76 72 0 33
76 74 0 35
76 72 0 68
76 74 0 70
76 72 0 103
76 74 0 105
76 73 0 -2
76 75 0 0
76 73 0 33
76 75 0 35
76 73 0 68
76 75 0 70
76 73 0 103
76 75 0 105
76 74 0 -2
76 76 0 0
76 74 0 33
76 76 0 35
76 74 0 68
76 76 0 70
76 74 0 103
76 76 0 105
76 75 0 -2
76 77 0 0
76 75 0 33
76 77 0 35
76 75 0 68
76 77 0 70
76 75 0 103
76 77 0 105
76 76 0 -2
76 78 0 0
76 76 0 33
76 78 0 35
76 76 0 68
76 78 0 70
76 76 0 103
76 78 0 105
76 77 0 -2
76 79 0 0
76 77 0 33
76 79 0 35
76 77 0 68
76 79 0 70
76 77 0 103
76 79 0 105
76 78 0 -2
76 80 0 0
76 78 0 33
76 80 0 35
76 78 0 68
76 80 0 70
76 78 0 103
76 80 0 105
76 79 0 -2
76 81 0 0
76 79 0 33
76 81 0 35
76 79 0 68
76 81 0 70
76 79 0 103
76 81 0 105
76 80 0 -2
76 82 0 0
76 80 0 33
76 82 0 35
76 80 0 68
76 82 0 70
76 80 0 103
76 82 0 105
76 81 0 -2
76 83 0 0
76 81 0 33
76 83 0 35
76 81 0 68
76 83 0 70
76 81 0 103
76 83 0 105
76 82 0 -2
76 84 0 0
76 82 0 33
76 84 0 35
76 82 0 68
76 84 0 70
76 82 0 103
76 84 0 105
76 83 0 -2
76 85 0 0
76 83 0 33
76 85 0 35
76 83 0 68
76 85 0 70
76 83 0 103
76 85 0 105
76 84 0 -2
76 86 0 0
76 84 0 33
76 86 0 35
76 84 0 68
76 86 0 70
76 84 0 103
76 86 0 105
76 85 0 -2
76 87 0 0
76 85 0 33
76 87 0 35
76 85 0 68
76 87 0 70
76 85 0 103
76 87 0 105
76 86 0 -2
76 88 0 0
76 86 0 33
76 88 0 35
76 86 0 68
76 88 0 70
76 86 0 103
76 88 0 105
76 87 0 -2
76 89 0 0
76 87 0 33
76 89 0 35
76 87 0 68
76 89 0 70
76 87 0 103
76 89 0 105
76 88 0 -2
76 90 0 0
76 88 0 33
76 90 0 35
76 88 0 68
76 90 0 70
76 88 0 103
76 90 0 105
76 89 0 -2
76 91 0 0
76 89 0 33
76 91 0 35
76 89 0 68
76 91 0 70
76 89 0 103
76 91 0 105
76 90 0 -2
76 92 0 0
76 90 0 33
76 92 0 35
76 90 0 68
76 92 0 70
76 90 0 103
76 92 0 105
76 91 0 -2
76 93 0 0
76 91 0 33
76 93 0 35
76 91 0 68
76 93 0 70
76 91 0 103
76 93 0 105
76 92 0 -2
76 94 0 0
76 92 0 33
76 94 0 35
76 92 0 68
76 94 0 70
76 92 0 103
76 94 0 105
76 93 0 -2
76 95 0 0
76 93 0 33
76 95 0 35
76 93 0 68
76 95 0 70
76 93 0 103
76 95 0 105
76 94 0 -2
76 96 0 0
76 94 0 33
76 96 0 35
76 94 0 68
76 96 0 70
76 94 0 103
76 96 0 105
76 95 0 -2
76 97 0 0
76 95 0 33
76 97 0 35
76 95 0 68
76 97 0 70
76 95 0 103
76 97 0 105
76 96 0 -2
76 98 0 0
76 96 0 33
76 98 0 35
76 96 0 68
76 98 0 70
76 96 0 103
76 98 0 105
76 97 0 -2
76 99 0 0
76 97 0 33
76 99 0 35
76 97 0 68
76 99 0 70
76 97 0 103
76 99 0 105
76 98 0 -2
76 100 0 0
76 98 0 33
76 100 0 35
76 98 0 68
76 100 0 70
76 98 0 103
76 100 0 105
76 99 0 -2
76 101 0 0
76 99 0 33
76 101 0 35
76 99 0 68
76 101 0 70
76 99 0 103
76 101 0 105
76 100 0 -2
76 102 0 0
76 100 0 33
76 102 0 35
76 100 0 68
76 102 0 70
76 100 0 103
76 102 0 105
76 101 0 -2
76 103 0 0
76 101 0 33
76 103 0 35
76 101 0 68
76 103 0 70
76 101 0 103
76 103 0 105
76 102 0 -2
76 104 0 0
76 102 0 33
76 104 0 35
76 102 0 68
76 104 0 70
76 102 0 103
76 104 0 105
76 103 0 -2
76 105 0 0
76 103 0 -1
76 105 0 1
76 103 0 0
76 105 0 2
76 103 0 1
76 105 0 3
76 103 0 2
76 105 0 4
76 103 0 3
76 105 0 5
76 103 0 4
76 105 0 6
76 103 0 5
76 105 0 7
76 103 0 6
76 105 0 8
76 103 0 7
76 105 0 9
76 103 0 8
76 105 0 10
76 103 0 9
76 105 0 11
76 103 0 10
76 105 0 12
76 103 0 11
76 105 0 13
76 103 0 12
76 105 0 14
76 103 0 13
76 105 0 15
76 103 0 14
76 105 0 16
76 103 0 15
76 105 0 17
76 103 0 16
76 105 0 18
76 103 0 17
76 105 0 19
76 103 0 18
76 105 0 20
76 103 0 19
76 105 0 21
76 103 0 20
76 105 0 22
76 103 0 21
76 105 0 23
76 103 0 22
76 105 0 24
76 103 0 23
76 105 0 25
76 103 0 24
76 105 0 26
76 103 0 25
76 105 0 27
76 103 0 26
76 105 0 28
76 103 0 27
76 105 0 29
76 103 0 28
76 105 0 30
76 103 0 29
76 105 0 31
76 103 0 30
76 105 0 32
76 103 0 31
76 105 0 33
76 103 0 32
76 105 0 34
76 103 0 33
76 105 0 35
76 103 0 34
76 105 0 36
76 103 0 35
76 105 0 37
76 103 0 36
76 105 0 38
76 103 0 37
76 105 0 39
76 103 0 38
76 105 0 40
76 103 0 39
76 105 0 41
76 103 0 40
76 105 0 42
76 103 0 41
76 105 0 43
76 103 0 42
76 105 0 44
76 103 0 43
76 105 0 45
76 103 0 44
76 105 0 46
76 103 0 45
76 105 0 47
76 103 0 46
76 105 0 48
76 103 0 47
76 105 0 49
76 103 0 48
76 105 0 50
76 103 0 49
76 105 0 51
76 103 0 50
76 105 0 52
76 103 0 51
76 105 0 53
76 103 0 52
76 105 0 54
76 103 0 53
76 105 0 55
76 103 0 54
76 105 0 56
76 103 0 55
76 105 0 57
76 103 0 56
76 105 0 58
76 103 0 57
76 105 0 59
76 103 0 58
76 105 0 60
76 103 0 59
76 105 0 61
76 103 0 60
76 105 0 62
76 103 0 61
76 105 0 63
76 103 0 62
76 105 0 64
76 103 0 63
76 105 0 65
76 103 0 64
76 105 0 66
76 103 0 65
76 105 0 67
76 103 0 66
76 105 0 68
76 103 0 67
76 105 0 69
76 103 0 68
76 105 0 70
76 103 0 69
76 105 0 71
76 103 0 70
76 105 0 72
76 103 0 71
76 105 0 73
76 103 0 72
76 105 0 74
76 103 0 73
76 105 0 75
76 103 0 74
76 105 0 76
76 103 0 75
76 105 0 77
76 103 0 76
76 105 0 78
76 103 0 77
76 105 0 79
76 103 0 78
76 105 0 80
76 103 0 79
76 105 0 81
76 103 0 80
76 105 0 82
76 103 0 81
76 105 0 83
76 103 0 82
76 105 0 84
76 103 0 83
76 105 0 85
76 103 0 84
76 105 0 86
76 103 0 85
76 105 0 87
76 103 0 86
76 105 0 88
76 103 0 87
76 105 0 89
76 103 0 88
76 105 0 90
76 103 0 89
76 105 0 91
76 103 0 90
76 105 0 92
76 103 0 91
76 105 0 93
76 103 0 92
76 105 0 94
76 103 0 93
76 105 0 95
76 103 0 94
76 105 0 96
76 103 0 95
76 105 0 97
76 103 0 96
76 105 0 98
76 103 0 97
76 105 0 99
76 103 0 98
76 105 0 100
76 103 0 99
76 105 0 101
76 103 0 100
76 105 0 102
76 103 0 101
76 105 0 103
76 103 0 102
76 105 0 104
76 103 0 103
76 105 0 105
27 -1 0 -1
27 -1 0 0
27 -1 0 1
27 -1 0 2
27 -1 0 3
27 -1 0 4
27 -1 0 5
27 -1 0 6
27 -1 0 7
27 -1 0 8
27 -1 0 9
27 -1 0 10
27 -1 0 11
27 -1 0 12
27 -1 0 13
27 -1 0 14
27 -1 0 15
27 -1 0 16
27 -1 0 17
27 -1 0 18
27 -1 0 19
27 -1 0 20
27 -1 0 21
27 -1 0 22
27 -1 0 23
27 -1 0 24
27 -1 0 25
27 -1 0 26
27 -1 0 27
27 -1 0 28
27 -1 0 29
27 -1 0 30
27 -1 0 31
27 -1 0 32
27 -1 0 33
27 -1 0 34
27 -1 0 35
27 -1 0 36
27 -1 0 37
27 -1 0 38
27 -1 0 39
27 -1 0 40
27 -1 0 41
27 -1 0 42
27 -1 0 43
27 -1 0 44
27 -1 0 45
27 -1 0 46
27 -1 0 47
27 -1 0 48
27 -1 0 49
27 -1 0 50
27 -1 0 51
27 -1 0 52
27 -1 0 53
27 -1 0 54
27 -1 0 55
27 -1 0 56
27 -1 0 57
27 -1 0 58
27 -1 0 59
27 -1 0 60
27 -1 0 61
27 -1 0 62
27 -1 0 63
27 -1 0 64
27 -1 0 65
27 -1 0 66
27 -1 0 67
27 -1 0 68
27 -1 0 69
27 -1 0 70
27 -1 0 71
27 -1 0 72
27 -1 0 73
27 -1 0 74
27 -1 0 75
27 -1 0 76
27 -1 0 77
27 -1 0 78
27 -1 0 79
27 -1 0 80
27 -1 0 81
27 -1 0 82
27 -1 0 83
27 -1 0 84
27 -1 0 85
27 -1 0 86
27 -1 0 87
27 -1 0 88
27 -1 0 89
27 -1 0 90
27 -1 0 91
27 -1 0 92
27 -1 0 93
27 -1 0 94
27 -1 0 95
27 -1 0 96
27 -1 0 97
27 -1 0 98
27 -1 0 99
27 -1 0 100
27 -1 0 101
27 -1 0 102
27 -1 0 103
27 -1 0 104
27 0 0 -1
27 0 0 34
27 0 0 69
27 0 0 104
27 1 0 -1
27 1 0 34
27 1 0 69
27 1 0 104
27 2 0 -1
27 2 0 34
27 2 0 69
27 2 0 104
27 3 0 -1
27 3 0 34
27 3 0 69
27 3 0 104
27 4 0 -1
27 4 0 34
27 4 0 69
27 4 0 104
27 5 0 -1
27 5 0 34
27 5 0 69
27 5 0 104
27 6 0 -1
27 6 0 34
27 6 0 69
27 6 0 104
27 7 0 -1
27 7 0 34
27 7 0 69
27 7 0 104
27 8 0 -1
27 8 0 34
27 8 0 69
27 8 0 104
27 9 0 -1
27 9 0 34
27 9 0 69
27 9 0 104
27 10 0 -1
27 10 0 34
27 10 0 69
27 10 0 104
27 11 0 -1
27 11 0 34
27 11 0 69
27 11 0 104
27 12 0 -1
27 12 0 34
27 12 0 69
27 12 0 104
27 13 0 -1
27 13 0 34
27 13 0 69
27 13 0 104
27 14 0 -1
27 14 0 34
27 14 0 69
27 14 0 104
27 15 0 -1
27 15 0 34
27 15 0 69
27 15 0 104
27 16 0 -1
27 16 0 34
27 16 0 69
27 16 0 104
27 17 0 -1
27 17 0 34
27 17 0 69
27 17 0 104
27 18 0 -1
27 18 0 34
27 18 0 69
27 18 0 104
27 19 0 -1
27 19 0 34
27 19 0 69
27 19 0 104
27 20 0 -1
27 20 0 34
27 20 0 69
27 20 0 104
27 21 0 -1
27 21 0 34
27 21 0 69
27 21 0 104
27 22 0 -1
27 22 0 34
27 22 0 69
27 22 0 104
27 23 0 -1
27 23 0 34
27 23 0 69
27 23 0 104
27 24 0 -1
27 24 0 34
27 24 0 69
27 24 0 104
27 25 0 -1
27 25 0 34
27 25 0 69
27 25 0 104
27 26 0 -1
27 26 0 34
27 26 0 69
27 26 0 104
27 27 0 -1
27 27 0 34
27 27 0 69
27 27 0 104
27 28 0 -1
27 28 0 34
27 28 0 69
27 28 0 104
27 29 0 -1
27 29 0 34
27 29 0 69
27 29 0 104
27 30 0 -1
27 30 0 34
27 30 0 69
27 30 0 104
27 31 0 -1
27 31 0 34
27 31 0 69
27 31 0 104
27 32 0 -1
27 32 0 34
27 32 0 69
27 32 0 104
27 33 0 -1
27 33 0 34
27 33 0 69
27 33 0 104
27 34 0 -1
27 34 0 0
27 34 0 1
27 34 0 2
27 34 0 3
27 34 0 4
27 34 0 5
27 34 0 6
27 34 0 7
27 34 0 8
27 34 0 9
27 34 0 10
27 34 0 11
27 34 0 12
27 34 0 13
27 34 0 14
27 34 0 15
27 34 0 16
27 34 0 17
27 34 0 18
27 34 0 19
27 34 0 20
27 34 0 21
27 34 0 22
27 34 0 23
27 34 0 24
27 34 0 25
27 34 0 26
27 34 0 27
27 34 0 28
27 34 0 29
27 34 0 30
27 34 0 31
27 34 0 32
27 34 0 33
27 34 0 34
27 34 0 35
27 34 0 36
27 34 0 37
27 34 0 38
27 34 0 39
27 34 0 40
27 34 0 41
27 34 0 42
27 34 0 43
27 34 0 44
27 34 0 45
27 34 0 46
27 34 0 47
27 34 0 48
27 34 0 49
27 34 0 50
27 34 0 51
27 34 0 52
27 34 0 53
27 34 0 54
27 34 0 55
27 34 0 56
27 34 0 57
27 34 0 58
27 34 0 59
27 34 0 60
27 34 0 61
27 34 0 62
27 34 0 63
27 34 0 64
27 34 0 65
27 34 0 66
27 34 0 67
27 34 0 68
27 34 0 69
27 34 0 70
27 34 0 71
27 34 0 72
27 34 0 73
27 34 0 74
27 34 0 75
27 34 0 76
27 34 0 77
27 34 0 78
27 34 0 79
27 34 0 80
27 34 0 81
27 34 0 82
27 34 0 83
27 34 0 84
27 34 0 85
27 34 0 86
27 34 0 87
27 34 0 88
27 34 0 89
27 34 0 90
27 34 0 91
27 34 0 92
27 34 0 93
27 34 0 94
27 34 0 95
27 34 0 96
27 34 0 97
27 34 0 98
27 34 0 99
27 34 0 100
27 34 0 101
27 34 0 102
27 34 0 103
27 34 0 104
27 35 0 -1
27 35 0 34
27 35 0 69
27 35 0 104
27 36 0 -1
27 36 0 34
27 36 0 69
27 36 0 104
27 37 0 -1
27 37 0 34
27 37 0 69
27 37 0 104
27 38 0 -1
27 38 0 34
27 38 0 69
27 38 0 104
27 39 0 -1
27 39 0 34
27 39 0 69
27 39 0 104
27 40 0 -1
27 40 0 34
27 40 0 69
27 40 0 104
27 41 0 -1
27 41 0 34
27 41 0 69
27 41 0 104
27 42 0 -1
27 42 0 34
27 42 0 69
27 42 0 104
27 43 0 -1
27 43 0 34
27 43 0 69
27 43 0 104
27 44 0 -1
27 44 0 34
27 44 0 69
27 44 0 104
27 45 0 -1
27 45 0 34
27 45 0 69
27 45 0 104
27 46 0 -1
27 46 0 34
27 46 0 69
27 46 0 104
27 47 0 -1
27 47 0 34
27 47 0 69
27 47 0 104
27 48 0 -1
27 48 0 34
27 48 0 69
27 48 0 104
27 49 0 -1
27 49 0 34
27 49 0 69
27 49 0 104
27 50 0 -1
27 50 0 34
27 50 0 69
27 50 0 104
27 51 0 -1
27 51 0 34
27 51 0 69
27 51 0 104
27 52 0 -1
27 52 0 34
27 52 0 69
27 52 0 104
27 53 0 -1
27 53 0 34
27 53 0 69
27 53 0 104
27 54 0 -1
27 54 0 34
27 54 0 69
27 54 0 104
27 55 0 -1
27 55 0 34
27 55 0 69
27 55 0 104
27 56 0 -1
27 56 0 34
27 56 0 69
27 56 0 104
27 57 0 -1
27 57 0 34
27 57 0 69
27 57 0 104
27 58 0 -1
27 58 0 34
27 58 0 69
27 58 0 104
27 59 0 -1
27 59 0 34
27 59 0 69
27 59 0 104
27 60 0 -1
27 60 0 34
27 60 0 69
27 60 0 104
27 61 0 -1
27 61 0 34
27 61 0 69
27 61 0 104
27 62 0 -1
27 62 0 34
27 62 0 69
27 62 0 104
27 63 0 -1
27 63 0 34
27 63 0 69
27 63 0 104
27 64 0 -1
27 64 0 34
27 64 0 69
27 64 0 104
27 65 0 -1
27 65 0 34
27 65 0 69
27 65 0 104
27 66 0 -1
27 66 0 34
27 66 0 69
27 66 0 104
27 67 0 -1
27 67 0 34
27 67 0 69
27 67 0 104
27 68 0 -1
27 68 0 34
27 68 0 69
27 68 0 104
27 69 0 -1
27 69 0 0
27 69 0 1
27 69 0 2
27 69 0 3
27 69 0 4
27 69 0 5
27 69 0 6
27 69 0 7
27 69 0 8
27 69 0 9
27 69 0 10
27 69 0 11
27 69 0 12
27 69 0 13
27 69 0 14
27 69 0 15
27 69 0 16
27 69 0 17
27 69 0 18
27 69 0 19
27 69 0 20
27 69 0 21
27 69 0 22
27 69 0 23
27 69 0 24
27 69 0 25
27 69 0 26
27 69 0 27
27 69 0 28
27 69 0 29
27 69 0 30
27 69 0 31
27 69 0 32
27 69 0 33
27 69 0 34
27 69 0 35
27 69 0 36
27 69 0 37
27 69 0 38
27 69 0 39
27 69 0 40
27 69 0 41
27 69 0 42
27 69 0 43
27 69 0 44
27 69 0 45
27 69 0 46
27 69 0 47
27 69 0 48
27 69 0 49
27 69 0 50
27 69 0 51
27 69 0 52
27 69 0 53
27 69 0 54
27 69 0 55
27 69 0 56
27 69 0 57
27 69 0 58
27 69 0 59
27 69 0 60
27 69 0 61
27 69 0 62
27 69 0 63
27 69 0 64
27 69 0 65
27 69 0 66
27 69 0 67
27 69 0 68
27 69 0 69
27 69 0 70
27 69 0 71
27 69 0 72
27 69 0 73
27 69 0 74
27 69 0 75
27 69 0 76
27 69 0 77
27 69 0 78
27 69 0 79
27 69 0 80
27 69 0 81
27 69 0 82
27 69 0 83
27 69 0 84
27 69 0 85
27 69 0 86
27 69 0 87
27 69 0 88
27 69 0 89
27 69 0 90
27 69 0 91
27 69 0 92
27 69 0 93
27 69 0 94
27 69 0 95
27 69 0 96
27 69 0 97
27 69 0 98
27 69 0 99
27 69 0 100
27 69 0 101
27 69 0 102
27 69 0 103
27 69 0 104
27 70 0 -1
27 70 0 34
27 70 0 69
27 70 0 104
27 71 0 -1
27 71 0 34
27 71 0 69
27 71 0 104
27 72 0 -1
27 72 0 34
27 72 0 69
27 72 0 104
27 73 0 -1
27 73 0 34
27 73 0 69
27 73 0 104
27 74 0 -1
27 74 0 34
27 74 0 69
27 74 0 104
27 75 0 -1
27 75 0 34
27 75 0 69
27 75 0 104
27 76 0 -1
27 76 0 34
27 76 0 69
27 76 0 104
27 77 0 -1
27 77 0 34
27 77 0 69
27 77 0 104
27 78 0 -1
27 78 0 34
27 78 0 69
27 78 0 104
27 79 0 -1
27 79 0 34
27 79 0 69
27 79 0 104
27 80 0 -1
27 80 0 34
27 80 0 69
27 80 0 104
27 81 0 -1
27 81 0 34
27 81 0 69
27 81 0 104
27 82 0 -1
27 82 0 34
27 82 0 69
27 82 0 104
27 83 0 -1
27 83 0 34
27 83 0 69
27 83 0 104
27 84 0 -1
27 84 0 34
27 84 0 69
27 84 0 104
27 85 0 -1
27 85 0 34
27 85 0 69
27 85 0 104
27 86 0 -1
27 86 0 34
27 86 0 69
27 86 0 104
27 87 0 -1
27 87 0 34
27 87 0 69
27 87 0 104
27 88 0 -1
27 88 0 34
27 88 0 69
27 88 0 104
27 89 0 -1
27 89 0 34
27 89 0 69
27 89 0 104
27 90 0 -1
27 90 0 34
27 90 0 69
27 90 0 104
27 91 0 -1
27 91 0 34
27 91 0 69
27 91 0 104
27 92 0 -1
27 92 0 34
27 92 0 69
27 92 0 104
27 93 0 -1
27 93 0 34
27 93 0 69
27 93 0 104
27 94 0 -1
27 94 0 34
27 94 0 69
27 94 0 104
27 95 0 -1
27 95 0 34
27 95 0 69
27 95 0 104
27 96 0 -1
27 96 0 34
27 96 0 69
27 96 0 104
27 97 0 -1
27 97 0 34
27 97 0 69
27 97 0 104
27 98 0 -1
27 98 0 34
27 98 0 69
27 98 0 104
27 99 0 -1
27 99 0 34
27 99 0 69
27 99 0 104
27 100 0 -1
27 100 0 34
27 100 0 69
27 100 0 104
27 101 0 -1
27 101 0 34
27 101 0 69
27 101 0 104
27 102 0 -1
27 102 0 34
27 102 0 69
27 102 0 104
27 103 0 -1
27 103 0 34
27 103 0 69
27 103 0 104
27 104 0 -1
27 104 0 0
27 104 0 1
27 104 0 2
27 104 0 3
27 104 0 4
27 104 0 5
27 104 0 6
27 104 0 7
27 104 0 8
27 104 0 9
27 104 0 10
27 104 0 11
27 104 0 12
27 104 0 13
27 104 0 14
27 104 0 15
27 104 0 16
27 104 0 17
27 104 0 18
27 104 0 19
27 104 0 20
27 104 0 21
27 104 0 22
27 104 0 23
27 104 0 24
27 104 0 25
27 104 0 26
27 104 0 27
27 104 0 28
27 104 0 29
27 104 0 30
27 104 0 31
27 104 0 32
27 104 0 33
27 104 0 34
27 104 0 35
27 104 0 36
27 104 0 37
27 104 0 38
27 104 0 39
27 104 0 40
27 104 0 41
27 104 0 42
27 104 0 43
27 104 0 44
27 104 0 45
27 104 0 46
27 104 0 47
27 104 0 48
27 104 0 49
27 104 0 50
27 104 0 51
27 104 0 52
27 104 0 53
27 104 0 54
27 104 0 55
27 104 0 56
27 104 0 57
27 104 0 58
27 104 0 59
27 104 0 60
27 104 0 61
27 104 0 62
27 104 0 63
27 104 0 64
27 104 0 65
27 104 0 66
27 104 0 67
27 104 0 68
27 104 0 69
27 104 0 70
27 104 0 71
27 104 0 72
27 104 0 73
27 104 0 74
27 104 0 75
27 104 0 76
27 104 0 77
27 104 0 78
27 104 0 79
27 104 0 80
27 104 0 81
27 104 0 82
27 104 0 83
27 104 0 84
27 104 0 85
27 104 0 86
27 104 0 87
27 104 0 88
27 104 0 89
27 104 0 90
27 104 0 91
27 104 0 92
27 104 0 93
27 104 0 94
27 104 0 95
27 104 0 96
27 104 0 97
27 104 0 98
27 104 0 99
27 104 0 100
27 104 0 101
27 104 0 102
27 104 0 103
27 104 0 104
27 0 0 -1
27 -1 0 0
66 -1 0 -1
27 0 0 34
27 -1 0 33
27 -1 0 35
66 -1 0 34
27 0 0 69
27 -1 0 68
27 -1 0 70
66 -1 0 69
27 0 0 104
27 -1 0 103
27 -1 0 105
66 -1 0 104
27 35 0 -1
27 33 0 -1
27 34 0 0
66 34 0 -1
27 35 0 104
27 34 0 103
27 33 0 104
27 34 0 105
66 34 0 104
27 70 0 -1
27 68 0 -1
27 69 0 0
66 69 0 -1
27 70 0 104
27 69 0 103
27 68 0 104
27 69 0 105
66 69 0 104
27 103 0 -1
66 104 0 -1
27 104 0 33
27 103 0 34
66 104 0 34
27 104 0 68
27 103 0 69
66 104 0 69
27 104 0 103
27 103 0 104
66 104 0 104
45 -3 0 -3
45 -3 1 -3
45 -3 2 -3
45 -3 3 -3
45 -3 4 -3
45 -3 0 -2
45 -3 1 -2
45 -3 2 -2
45 -3 3 -2
45 -3 4 -2
45 -3 0 -1
45 -3 1 -1
45 -3 2 -1
45 -3 3 -1
45 -3 4 -1
45 -3 0 0
45 -3 1 0
45 -3 2 0
45 -3 3 0
45 -3 4 0
45 -3 0 1
45 -3 1 1
45 -3 2 1
45 -3 3 1
45 -3 4 1
45 -3 0 2
45 -3 1 2
45 -3 2 2
45 -3 3 2
45 -3 4 2
45 -3 0 3
45 -3 1 3
45 -3 2 3
45 -3 3 3
45 -3 4 3
45 -3 0 4
45 -3 1 4
45 -3 2 4
45 -3 3 4
45 -3 4 4
45 -3 0 5
45 -3 1 5
45 -3 2 5
45 -3 3 5
45 -3 4 5
45 -3 0 6
45 -3 1 6
45 -3 2 6
45 -3 3 6
45 -3 4 6
45 -3 0 7
45 -3 1 7
45 -3 2 7
45 -3 3 7
45 -3 4 7
45 -3 0 8
45 -3 1 8
45 -3 2 8
45 -3 3 8
45 -3 4 8
45 -3 0 9
45 -3 1 9
45 -3 2 9
45 -3 3 9
45 -3 4 9
45 -3 0 10
45 -3 1 10
45 -3 2 10
45 -3 3 10
45 -3 4 10
45 -3 0 11
45 -3 1 11
45 -3 2 11
45 -3 3 11
45 -3 4 11
45 -3 0 12
45 -3 1 12
45 -3 2 12
45 -3 3 12
45 -3 4 12
45 -3 0 13
45 -3 1 13
45 -3 2 13
45 -3 3 13
45 -3 4 13
45 -3 0 14
45 -3 1 14
45 -3 2 14
45 -3 3 14
45 -3 4 14
45 -3 0 15
45 -3 1 15
45 -3 2 15
45 -3 3 15
45 -3 4 15
45 -3 0 16
45 -3 1 16
45 -3 2 16
45 -3 3 16
45 -3 4 16
45 -3 0 17
45 -3 1 17
45 -3 2 17
45 -3 3 17
45 -3 4 17
45 -3 0 18
45 -3 1 18
45 -3 2 18
45 -3 3 18
45 -3 4 18
45 -3 0 19
45 -3 1 19
45 -3 2 19
45 -3 3 19
45 -3 4 19
45 -3 0 20
45 -3 1 20
45 -3 2 20
45 -3 3 20
45 -3 4 20
45 -3 0 21
45 -3 1 21
45 -3 2 21
45 -3 3 21
45 -3 4 21
45 -3 0 22
45 -3 1 22
45 -3 2 22
45 -3 3 22
45 -3 4 22
45 -3 0 23
45 -3 1 23
45 -3 2 23
45 -3 3 23
45 -3 4 23
45 -3 0 24
45 -3 1 24
45 -3 2 24
45 -3 3 24
45 -3 4 24
45 -3 0 25
45 -3 1 25
45 -3 2 25
45 -3 3 25
45 -3 4 25
45 -3 0 26
45 -3 1 26
45 -3 2 26
45 -3 3 26
45 -3 4 26
45 -3 0 27
45 -3 1 27
45 -3 2 27
45 -3 3 27
45 -3 4 27
45 -3 0 28
45 -3 1 28
45 -3 2 28
45 -3 3 28
45 -3 4 28
45 -3 0 29
45 -3 1 29
45 -3 2 29
45 -3 3 29
45 -3 4 29
45 -3 0 30
45 -3 1 30
45 -3 2 30
45 -3 3 30
45 -3 4 30
45 -3 0 31
45 -3 1 31
45 -3 2 31
45 -3 3 31
45 -3 4 31
45 -3 0 32
45 -3 1 32
45 -3 2 32
45 -3 3 32
45 -3 4 32
45 -3 0 33
45 -3 1 33
45 -3 2 33
45 -3 3 33
45 -3 4 33
45 -3 0 34
45 -3 1 34
45 -3 2 34
45 -3 3 34
45 -3 4 34
45 -3 0 35
45 -3 1 35
45 -3 2 35
45 -3 3 35
45 -3 4 35
45 -3 0 36
45 -3 1 36
45 -3 2 36
45 -3 3 36
45 -3 4 36
45 -3 0 37
45 -3 1 37
45 -3 2 37
45 -3 3 37
45 -3 4 37
45 -3 0 38
45 -3 1 38
45 -3 2 38
45 -3 3 38
45 -3 4 38
45 -3 0 39
45 -3 1 39
45 -3 2 39
45 -3 3 39
45 -3 4 39
45 -3 0 40
45 -3 1 40
45 -3 2 40
45 -3 3 40
45 -3 4 40
45 -3 0 41
45 -3 1 41
45 -3 2 41
45 -3 3 41
45 -3 4 41
45 -3 0 42
45 -3 1 42
45 -3 2 42
45 -3 3 42
45 -3 4 42
45 -3 0 43
45 -3 1 43
45 -3 2 43
45 -3 3 43
45 -3 4 43
45 -3 0 44
45 -3 1 44
45 -3 2 44
45 -3 3 44
45 -3 4 44
45 -3 0 45
45 -3 1 45
45 -3 2 45
45 -3 3 45
45 -3 4 45
45 -3 0 46
45 -3 1 46
45 -3 2 46
45 -3 3 46
45 -3 4 46
45 -3 0 47
45 -3 1 47
45 -3 2 47
45 -3 3 47
45 -3 4 47
45 -3 0 48
45 -3 1 48
45 -3 2 48
45 -3 3 48
45 -3 4 48
45 -3 0 49
45 -3 1 49
45 -3 2 49
45 -3 3 49
45 -3 4 49
45 -3 0 50
45 -3 1 50
45 -3 2 50
45 -3 3 50
45 -3 4 50
45 -3 0 51
45 -3 1 51
45 -3 2 51
45 -3 3 51
45 -3 4 51
45 -3 0 52
45 -3 1 52
45 -3 2 52
45 -3 3 52
45 -3 4 52
45 -3 0 53
45 -3 1 53
45 -3 2 53
45 -3 3 53
45 -3 4 53
45 -3 0 54
45 -3 1 54
45 -3 2 54
45 -3 3 54
45 -3 4 54
45 -3 0 55
45 -3 1 55
45 -3 2 55
45 -3 3 55
45 -3 4 55
45 -3 0 56
45 -3 1 56
45 -3 2 56
45 -3 3 56
45 -3 4 56
45 -3 0 57
45 -3 1 57
45 -3 2 57
45 -3 3 57
45 -3 4 57
45 -3 0 58
45 -3 1 58
45 -3 2 58
45 -3 3 58
45 -3 4 58
45 -3 0 59
45 -3 1 59
45 -3 2 59
45 -3 3 59
45 -3 4 59
45 -3 0 60
45 -3 1 60
45 -3 2 60
45 -3 3 60
45 -3 4 60
45 -3 0 61
45 -3 1 61
45 -3 2 61
45 -3 3 61
45 -3 4 61
45 -3 0 62
45 -3 1 62
45 -3 2 62
45 -3 3 62
45 -3 4 62
45 -3 0 63
45 -3 1 63
45 -3 2 63
45 -3 3 63
45 -3 4 63
45 -3 0 64
45 -3 1 64
45 -3 2 64
45 -3 3 64
45 -3 4 64
45 -3 0 65
45 -3 1 65
45 -3 2 65
45 -3 3 65
45 -3 4 65
45 -3 0 66
45 -3 1 66
45 -3 2 66
45 -3 3 66
45 -3 4 66
45 -3 0 67
45 -3 1 67
45 -3 2 67
45 -3 3 67
45 -3 4 67
45 -3 0 68
45 -3 1 68
45 -3 2 68
45 -3 3 68
45 -3 4 68
45 -3 0 69
45 -3 1 69
45 -3 2 69
45 -3 3 69
45 -3 4 69
45 -3 0 70
45 -3 1 70
45 -3 2 70
45 -3 3 70
45 -3 4 70
45 -3 0 71
45 -3 1 71
45 -3 2 71
45 -3 3 71
45 -3 4 71
45 -3 0 72
45 -3 1 72
45 -3 2 72
45 -3 3 72
45 -3 4 72
45 -3 0 73
45 -3 1 73
45 -3 2 73
45 -3 3 73
45 -3 4 73
45 -3 0 74
45 -3 1 74
45 -3 2 74
45 -3 3 74
45 -3 4 74
45 -3 0 75
45 -3 1 75
45 -3 2 75
45 -3 3 75
45 -3 4 75
45 -3 0 76
45 -3 1 76
45 -3 2 76
45 -3 3 76
45 -3 4 76
45 -3 0 77
45 -3 1 77
45 -3 2 77
45 -3 3 77
45 -3 4 77
45 -3 0 78
45 -3 1 78
45 -3 2 78
45 -3 3 78
45 -3 4 78
45 -3 0 79
45 -3 1 79
45 -3 2 79
45 -3 3 79
45 -3 4 79
45 -3 0 80
45 -3 1 80
45 -3 2 80
45 -3 3 80
45 -3 4 80
45 -3 0 81
45 -3 1 81
45 -3 2 81
45 -3 3 81
45 -3 4 81
45 -3 0 82
45 -3 1 82
45 -3 2 82
45 -3 3 82
45 -3 4 82
45 -3 0 83
45 -3 1 83
45 -3 2 83
45 -3 3 83
45 -3 4 83
45 -3 0 84
45 -3 1 84
45 -3 2 84
45 -3 3 84
45 -3 4 84
45 -3 0 85
45 -3 1 85
45 -3 2 85
45 -3 3 85
45 -3 4 85
45 -3 0 86
45 -3 1 86
45 -3 2 86
45 -3 3 86
45 -3 4 86
45 -3 0 87
45 -3 1 87
45 -3 2 87
45 -3 3 87
45 -3 4 87
45 -3 0 88
45 -3 1 88
45 -3 2 88
45 -3 3 88
45 -3 4 88
45 -3 0 89
45 -3 1 89
45 -3 2 89
45 -3 3 89
45 -3 4 89
45 -3 0 90
45 -3 1 90
45 -3 2 90
45 -3 3 90
45 -3 4 90
45 -3 0 91
45 -3 1 91
45 -3 2 91
45 -3 3 91
45 -3 4 91
45 -3 0 92
45 -3 1 92
45 -3 2 92
45 -3 3 92
45 -3 4 92
45 -3 0 93
45 -3 1 93
45 -3 2 93
45 -3 3 93
45 -3 4 93
45 -3 0 94
45 -3 1 94
45 -3 2 94
45 -3 3 94
45 -3 4 94
45 -3 0 95
45 -3 1 95
45 -3 2 95
45 -3 3 95
45 -3 4 95
45 -3 0 96
45 -3 1 96
45 -3 2 96
45 -3 3 96
45 -3 4 96
45 -3 0 97
45 -3 1 97
45 -3 2 97
45 -3 3 97
45 -3 4 97
45 -3 0 98
45 -3 1 98
45 -3 2 98
45 -3 3 98
45 -3 4 98
45 -3 0 99
45 -3 1 99
45 -3 2 99
45 -3 3 99
45 -3 4 99
45 -3 0 100
45 -3 1 100
45 -3 2 100
45 -3 3 100
45 -3 4 100
45 -3 0 101
45 -3 1 101
45 -3 2 101
45 -3 3 101
45 -3 4 101
45 -3 0 102
45 -3 1 102
45 -3 2 102
45 -3 3 102
45 -3 4 102
45 -3 0 103
45 -3 1 103
45 -3 2 103
45 -3 3 103
45 -3 4 103
45 -3 0 104
45 -3 1 104
45 -3 2 104
45 -3 3 104
45 -3 4 104
45 -3 0 105
45 -3 1 105
45 -3 2 105
45 -3 3 105
45 -3 4 105
45 -3 0 106
45 -3 1 106
45 -3 2 106
45 -3 3 106
45 -3 4 106
45 -2 0 -3
45 -2 1 -3
45 -2 2 -3
45 -2 3 -3
45 -2 4 -3
45 -2 0 106
45 -2 1 106
45 -2 2 106
45 -2 3 106
45 -2 4 106
45 -1 0 -3
45 -1 1 -3
45 -1 2 -3
45 -1 3 -3
45 -1 4 -3
45 -1 0 106
45 -1 1 106
45 -1 2 106
45 -1 3 106
45 -1 4 106
45 0 0 -3
45 0 1 -3
45 0 2 -3
45 0 3 -3
45 0 4 -3
45 0 0 106
45 0 1 106
45 0 2 106
45 0 3 106
45 0 4 106
45 1 0 -3
45 1 1 -3
45 1 2 -3
45 1 3 -3
45 1 4 -3
45 1 0 106
45 1 1 106
45 1 2 106
45 1 3 106
45 1 4 106
45 2 0 -3
45 2 1 -3
45 2 2 -3
45 2 3 -3
45 2 4 -3
45 2 0 106
45 2 1 106
45 2 2 106
45 2 3 106
45 2 4 106
45 3 0 -3
45 3 1 -3
45 3 2 -3
45 3 3 -3
45 3 4 -3
45 3 0 106
45 3 1 106
45 3 2 106
45 3 3 106
45 3 4 106
45 4 0 -3
45 4 1 -3
45 4 2 -3
45 4 3 -3
45 4 4 -3
45 4 0 106
45 4 1 106
45 4 2 106
45 4 3 106
45 4 4 106
45 5 0 -3
45 5 1 -3
45 5 2 -3
45 5 3 -3
45 5 4 -3
45 5 0 106
45 5 1 106
45 5 2 106
45 5 3 106
45 5 4 106
45 6 0 -3
45 6 1 -3
45 6 2 -3
45 6 3 -3
45 6 4 -3
45 6 0 106
45 6 1 106
45 6 2 106
45 6 3 106
45 6 4 106
45 7 0 -3
45 7 1 -3
45 7 2 -3
45 7 3 -3
45 7 4 -3
45 7 0 106
45 7 1 106
45 7 2 106
45 7 3 106
45 7 4 106
45 8 0 -3
45 8 1 -3
45 8 2 -3
45 8 3 -3
45 8 4 -3
45 8 0 106
45 8 1 106
45 8 2 106
45 8 3 106
45 8 4 106
45 9 0 -3
45 9 1 -3
45 9 2 -3
45 9 3 -3
45 9 4 -3
45 9 0 106
45 9 1 106
45 9 2 106
45 9 3 106
45 9 4 106
45 10 0 -3
45 10 1 -3
45 10 2 -3
45 10 3 -3
45 10 4 -3
45 10 0 106
45 10 1 106
45 10 2 106
45 10 3 106
45 10 4 106
45 11 0 -3
45 11 1 -3
45 11 2 -3
45 11 3 -3
45 11 4 -3
45 11 0 106
45 11 1 106
45 11 2 106
45 11 3 106
45 11 4 106
45 12 0 -3
45 12 1 -3
45 12 2 -3
45 12 3 -3
45 12 4 -3
45 12 0 106
45 12 1 106
45 12 2 106
45 12 3 106
45 12 4 106
45 13 0 -3
45 13 1 -3
45 13 2 -3
45 13 3 -3
45 13 4 -3
45 13 0 106
45 13 1 106
45 13 2 106
45 13 3 106
45 13 4 106
45 14 0 -3
45 14 1 -3
45 14 2 -3
45 14 3 -3
45 14 4 -3
45 14 0 106
45 14 1 106
45 14 2 106
45 14 3 106
45 14 4 106
45 15 0 -3
45 15 1 -3
45 15 2 -3
45 15 3 -3
45 15 4 -3
45 15 0 106
45 15 1 106
45 15 2 106
45 15 3 106
45 15 4 106
45 16 0 -3
45 16 1 -3
45 16 2 -3
45 16 3 -3
45 16 4 -3
45 16 0 106
45 16 1 106
45 16 2 106
45 16 3 106
45 16 4 106
45 17 0 -3
45 17 1 -3
45 17 2 -3
45 17 3 -3
45 17 4 -3
45 17 0 106
45 17 1 106
45 17 2 106
45 17 3 106
45 17 4 106
45 18 0 -3
45 18 1 -3
45 18 2 -3
45 18 3 -3
45 18 4 -3
45 18 0 106
45 18 1 106
45 18 2 106
45 18 3 106
45 18 4 106
45 19 0 -3
45 19 1 -3
45 19 2 -3
45 19 3 -3
45 19 4 -3
45 19 0 106
45 19 1 106
45 19 2 106
45 19 3 106
45 19 4 106
45 20 0 -3
45 20 1 -3
45 20 2 -3
45 20 3 -3
45 20 4 -3
45 20 0 106
45 20 1 106
45 20 2 106
45 20 3 106
45 20 4 106
45 21 0 -3
45 21 1 -3
45 21 2 -3
45 21 3 -3
45 21 4 -3
45 21 0 106
45 21 1 106
45 21 2 106
45 21 3 106
45 21 4 106
45 22 0 -3
45 22 1 -3
45 22 2 -3
45 22 3 -3
45 22 4 -3
45 22 0 106
45 22 1 106
45 22 2 106
45 22 3 106
45 22 4 106
45 23 0 -3
45 23 1 -3
45 23 2 -3
45 23 3 -3
45 23 4 -3
45 23 0 106
45 23 1 106
45 23 2 106
45 23 3 106
45 23 4 106
45 24 0 -3
45 24 1 -3
45 24 2 -3
45 24 3 -3
45 24 4 -3
45 24 0 106
45 24 1 106
45 24 2 106
45 24 3 106
45 24 4 106
45 25 0 -3
45 25 1 -3
45 25 2 -3
45 25 3 -3
45 25 4 -3
45 25 0 106
45 25 1 106
45 25 2 106
45 25 3 106
45 25 4 106
45 26 0 -3
45 26 1 -3
45 26 2 -3
45 26 3 -3
45 26 4 -3
45 26 0 106
45 26 1 106
45 26 2 106
45 26 3 106
45 26 4 106
45 27 0 -3
45 27 1 -3
45 27 2 -3
45 27 3 -3
45 27 4 -3
45 27 0 106
45 27 1 106
45 27 2 106
45 27 3 106
45 27 4 106
45 28 0 -3
45 28 1 -3
45 28 2 -3
45 28 3 -3
45 28 4 -3
45 28 0 106
45 28 1 106
45 28 2 106
45 28 3 106
45 28 4 106
45 29 0 -3
45 29 1 -3
45 29 2 -3
45 29 3 -3
45 29 4 -3
45 29 0 106
45 29 1 106
45 29 2 106
45 29 3 106
45 29 4 106
45 30 0 -3
45 30 1 -3
45 30 2 -3
45 30 3 -3
45 30 4 -3
45 30 0 106
45 30 1 106
45 30 2 106
45 30 3 106
45 30 4 106
45 31 0 -3
45 31 1 -3
45 31 2 -3
45 31 3 -3
45 31 4 -3
45 31 0 106
45 31 1 106
45 31 2 106
45 31 3 106
45 31 4 106
45 32 0 -3
45 32 1 -3
45 32 2 -3
45 32 3 -3
45 32 4 -3
45 32 0 106
45 32 1 106
45 32 2 106
45 32 3 106
45 32 4 106
45 33 0 -3
45 33 1 -3
45 33 2 -3
45 33 3 -3
45 33 4 -3
45 33 0 106
45 33 1 106
45 33 2 106
45 33 3 106
45 33 4 106
45 34 0 -3
45 34 1 -3
45 34 2 -3
45 34 3 -3
45 34 4 -3
45 34 0 106
45 34 1 106
45 34 2 106
45 34 3 106
45 34 4 106
45 35 0 -3
45 35 1 -3
45 35 2 -3
45 35 3 -3
45 35 4 -3
45 35 0 106
45 35 1 106
45 35 2 106
45 35 3 106
45 35 4 106
45 36 0 -3
45 36 1 -3
45 36 2 -3
45 36 3 -3
45 36 4 -3
45 36 0 106
45 36 1 106
45 36 2 106
45 36 3 106
45 36 4 106
45 37 0 -3
45 37 1 -3
45 37 2 -3
45 37 3 -3
45 37 4 -3
45 37 0 106
45 37 1 106
45 37 2 106
45 37 3 106
45 37 4 106
45 38 0 -3
45 38 1 -3
45 38 2 -3
45 38 3 -3
45 38 4 -3
45 38 0 106
45 38 1 106
45 38 2 106
45 38 3 106
45 38 4 106
45 39 0 -3
45 39 1 -3
45 39 2 -3
45 39 3 -3
45 39 4 -3
45 39 0 106
45 39 1 106
45 39 2 106
45 39 3 106
45 39 4 106
45 40 0 -3
45 40 1 -3
45 40 2 -3
45 40 3 -3
45 40 4 -3
45 40 0 106
45 40 1 106
45 40 2 106
45 40 3 106
45 40 4 106
45 41 0 -3
45 41 1 -3
45 41 2 -3
45 41 3 -3
45 41 4 -3
45 41 0 106
45 41 1 106
45 41 2 106
45 41 3 106
45 41 4 106
45 42 0 -3
45 42 1 -3
45 42 2 -3
45 42 3 -3
45 42 4 -3
45 42 0 106
45 42 1 106
45 42 2 106
45 42 3 106
45 42 4 106
45 43 0 -3
45 43 1 -3
45 43 2 -3
45 43 3 -3
45 43 4 -3
45 43 0 106
45 43 1 106
45 43 2 106
45 43 3 106
45 43 4 106
45 44 0 -3
45 44 1 -3
45 44 2 -3
45 44 3 -3
45 44 4 -3
45 44 0 106
45 44 1 106
45 44 2 106
45 44 3 106
45 44 4 106
45 45 0 -3
45 45 1 -3
45 45 2 -3
45 45 3 -3
45 45 4 -3
45 45 0 106
45 45 1 106
45 45 2 106
45 45 3 106
45 45 4 106
45 46 0 -3
45 46 1 -3
45 46 2 -3
45 46 3 -3
45 46 4 -3
45 46 0 106
45 46 1 106
45 46 2 106
45 46 3 106
45 46 4 106
45 47 0 -3
45 47 1 -3
45 47 2 -3
45 47 3 -3
45 47 4 -3
45 47 0 106
45 47 1 106
45 47 2 106
45 47 3 106
45 47 4 106
45 48 0 -3
45 48 1 -3
45 48 2 -3
45 48 3 -3
45 48 4 -3
45 48 0 106
45 48 1 106
45 48 2 106
45 48 3 106
45 48 4 106
45 49 0 -3
45 49 1 -3
45 49 2 -3
45 49 3 -3
45 49 4 -3
45 49 0 106
45 49 1 106
45 49 2 106
45 49 3 106
45 49 4 106
45 50 0 -3
45 50 1 -3
45 50 2 -3
45 50 3 -3
45 50 4 -3
45 50 0 106
45 50 1 106
45 50 2 106
45 50 3 106
45 50 4 106
45 51 0 -3
45 51 1 -3
45 51 2 -3
45 51 3 -3
45 51 4 -3
45 51 0 106
45 51 1 106
45 51 2 106
45 51 3 106
45 51 4 106
45 52 0 -3
45 52 1 -3
45 52 2 -3
45 52 3 -3
45 52 4 -3
45 52 0 106
45 52 1 106
45 52 2 106
45 52 3 106
45 52 4 106
45 53 0 -3
45 53 1 -3
45 53 2 -3
45 53 3 -3
45 53 4 -3
45 53 0 106
45 53 1 106
45 53 2 106
45 53 3 106
45 53 4 106
45 54 0 -3
45 54 1 -3
45 54 2 -3
45 54 3 -3
45 54 4 -3
45 54 0 106
45 54 1 106
45 54 2 106
45 54 3 106
45 54 4 106
45 55 0 -3
45 55 1 -3
45 55 2 -3
45 55 3 -3
45 55 4 -3
45 55 0 106
45 55 1 106
45 55 2 106
45 55 3 106
45 55 4 106
45 56 0 -3
45 56 1 -3
45 56 2 -3
45 56 3 -3
45 56 4 -3
45 56 0 106
45 56 1 106
45 56 2 106
45 56 3 106
45 56 4 106
45 57 0 -3
45 57 1 -3
45 57 2 -3
45 57 3 -3
45 57 4 -3
45 57 0 106
45 57 1 106
45 57 2 106
45 57 3 106
45 57 4 106
45 58 0 -3
45 58 1 -3
45 58 2 -3
45 58 3 -3
45 58 4 -3
45 58 0 106
45 58 1 106
45 58 2 106
45 58 3 106
45 58 4 106
45 59 0 -3
45 59 1 -3
45 59 2 -3
45 59 3 -3
45 59 4 -3
45 59 0 106
45 59 1 106
45 59 2 106
45 59 3 106
45 59 4 106
45 60 0 -3
45 60 1 -3
45 60 2 -3
45 60 3 -3
45 60 4 -3
45 60 0 106
45 60 1 106
45 60 2 106
45 60 3 106
45 60 4 106
45 61 0 -3
45 61 1 -3
45 61 2 -3
45 61 3 -3
45 61 4 -3
45 61 0 106
45 61 1 106
45 61 2 106
45 61 3 106
45 61 4 106
45 62 0 -3
45 62 1 -3
45 62 2 -3
45 62 3 -3
45 62 4 -3
45 62 0 106
45 62 1 106
45 62 2 106
45 62 3 106
45 62 4 106
45 63 0 -3
45 63 1 -3
45 63 2 -3
45 63 3 -3
45 63 4 -3
45 63 0 106
45 63 1 106
45 63 2 106
45 63 3 106
45 63 4 106
45 64 0 -3
45 64 1 -3
45 64 2 -3
45 64 3 -3
45 64 4 -3
45 64 0 106
45 64 1 106
45 64 2 106
45 64 3 106
45 64 4 106
45 65 0 -3
45 65 1 -3
45 65 2 -3
45 65 3 -3
45 65 4 -3
45 65 0 106
45 65 1 106
45 65 2 106
45 65 3 106
45 65 4 106
45 66 0 -3
45 66 1 -3
45 66 2 -3
45 66 3 -3
45 66 4 -3
45 66 0 106
45 66 1 106
45 66 2 106
45 66 3 106
45 66 4 106
45 67 0 -3
45 67 1 -3
45 67 2 -3
45 67 3 -3
45 67 4 -3
45 67 0 106
45 67 1 106
45 67 2 106
45 67 3 106
45 67 4 106
45 68 0 -3
45 68 1 -3
45 68 2 -3
45 68 3 -3
45 68 4 -3
45 68 0 106
45 68 1 106
45 68 2 106
45 68 3 106
45 68 4 106
45 69 0 -3
45 69 1 -3
45 69 2 -3
45 69 3 -3
45 69 4 -3
45 69 0 106
45 69 1 106
45 69 2 106
45 69 3 106
45 69 4 106
45 70 0 -3
45 70 1 -3
45 70 2 -3
45 70 3 -3
45 70 4 -3
45 70 0 106
45 70 1 106
45 70 2 106
45 70 3 106
45 70 4 106
45 71 0 -3
45 71 1 -3
45 71 2 -3
45 71 3 -3
45 71 4 -3
45 71 0 106
45 71 1 106
45 71 2 106
45 71 3 106
45 71 4 106
45 72 0 -3
45 72 1 -3
45 72 2 -3
45 72 3 -3
45 72 4 -3
45 72 0 106
45 72 1 106
45 72 2 106
45 72 3 106
45 72 4 106
45 73 0 -3
45 73 1 -3
45 73 2 -3
45 73 3 -3
45 73 4 -3
45 73 0 106
45 73 1 106
45 73 2 106
45 73 3 106
45 73 4 106
45 74 0 -3
45 74 1 -3
45 74 2 -3
45 74 3 -3
45 74 4 -3
45 74 0 106
45 74 1 106
45 74 2 106
45 74 3 106
45 74 4 106
45 75 0 -3
45 75 1 -3
45 75 2 -3
45 75 3 -3
45 75 4 -3
45 75 0 106
45 75 1 106
45 75 2 106
45 75 3 106
45 75 4 106
45 76 0 -3
45 76 1 -3
45 76 2 -3
45 76 3 -3
45 76 4 -3
45 76 0 106
45 76 1 106
45 76 2 106
45 76 3 106
45 76 4 106
45 77 0 -3
45 77 1 -3
45 77 2 -3
45 77 3 -3
45 77 4 -3
45 77 0 106
45 77 1 106
45 77 2 106
45 77 3 106
45 77 4 106
45 78 0 -3
45 78 1 -3
45 78 2 -3
45 78 3 -3
45 78 4 -3
45 78 0 106
45 78 1 106
45 78 2 106
45 78 3 106
45 78 4 106
45 79 0 -3
45 79 1 -3
45 79 2 -3
45 79 3 -3
45 79 4 -3
45 79 0 106
45 79 1 106
45 79 2 106
45 79 3 106
45 79 4 106
45 80 0 -3
45 80 1 -3
45 80 2 -3
45 80 3 -3
45 80 4 -3
45 80 0 106
45 80 1 106
45 80 2 106
45 80 3 106
45 80 4 106
45 81 0 -3
45 81 1 -3
45 81 2 -3
45 81 3 -3
45 81 4 -3
45 81 0 106
45 81 1 106
45 81 2 106
45 81 3 106
45 81 4 106
45 82 0 -3
45 82 1 -3
45 82 2 -3
45 82 3 -3
45 82 4 -3
45 82 0 106
45 82 1 106
45 82 2 106
45 82 3 106
45 82 4 106
45 83 0 -3
45 83 1 -3
45 83 2 -3
45 83 3 -3
45 83 4 -3
45 83 0 106
45 83 1 106
45 83 2 106
45 83 3 106
45 83 4 106
45 84 0 -3
45 84 1 -3
45 84 2 -3
45 84 3 -3
45 84 4 -3
45 84 0 106
45 84 1 106
45 84 2 106
45 84 3 106
45 84 4 106
45 85 0 -3
45 85 1 -3
45 85 2 -3
45 85 3 -3
45 85 4 -3
45 85 0 106
45 85 1 106
45 85 2 106
45 85 3 106
45 85 4 106
45 86 0 -3
45 86 1 -3
45 86 2 -3
45 86 3 -3
45 86 4 -3
45 86 0 106
45 86 1 106
45 86 2 106
45 86 3 106
45 86 4 106
45 87 0 -3
45 87 1 -3
45 87 2 -3
45 87 3 -3
45 87 4 -3
45 87 0 106
45 87 1 106
45 87 2 106
45 87 3 106
45 87 4 106
45 88 0 -3
45 88 1 -3
45 88 2 -3
45 88 3 -3
45 88 4 -3
45 88 0 106
45 88 1 106
45 88 2 106
45 88 3 106
45 88 4 106
45 89 0 -3
45 89 1 -3
45 89 2 -3
45 89 3 -3
45 89 4 -3
45 89 0 106
45 89 1 106
45 89 2 106
45 89 3 106
45 89 4 106
45 90 0 -3
45 90 1 -3
45 90 2 -3
45 90 3 -3
45 90 4 -3
45 90 0 106
45 90 1 106
45 90 2 106
45 90 3 106
45 90 4 106
45 91 0 -3
45 91 1 -3
45 91 2 -3
45 91 3 -3
45 91 4 -3
45 91 0 106
45 91 1 106
45 91 2 106
45 91 3 106
45 91 4 106
45 92 0 -3
45 92 1 -3
45 92 2 -3
45 92 3 -3
45 92 4 -3
45 92 0 106
45 92 1 106
45 92 2 106
45 92 3 106
45 92 4 106
45 93 0 -3
45 93 1 -3
45 93 2 -3
45 93 3 -3
45 93 4 -3
45 93 0 106
45 93 1 106
45 93 2 106
45 93 3 106
45 93 4 106
45 94 0 -3
45 94 1 -3
45 94 2 -3
45 94 3 -3
45 94 4 -3
45 94 0 106
45 94 1 106
45 94 2 106
45 94 3 106
45 94 4 106
45 95 0 -3
45 95 1 -3
45 95 2 -3
45 95 3 -3
45 95 4 -3
45 95 0 106
45 95 1 106
45 95 2 106
45 95 3 106
45 95 4 106
45 96 0 -3
45 96 1 -3
45 96 2 -3
45 96 3 -3
45 96 4 -3
45 96 0 106
45 96 1 106
45 96 2 106
45 96 3 106
45 96 4 106
45 97 0 -3
45 97 1 -3
45 97 2 -3
45 97 3 -3
45 97 4 -3
45 97 0 106
45 97 1 106
45 97 2 106
45 97 3 106
45 97 4 106
45 98 0 -3
45 98 1 -3
45 98 2 -3
45 98 3 -3
45 98 4 -3
45 98 0 106
45 98 1 106
45 98 2 106
45 98 3 106
45 98 4 106
45 99 0 -3
45 99 1 -3
45 99 2 -3
45 99 3 -3
45 99 4 -3
45 99 0 106
45 99 1 106
45 99 2 106
45 99 3 106
45 99 4 106
45 100 0 -3
45 100 1 -3
45 100 2 -3
45 100 3 -3
45 100 4 -3
45 100 0 106
45 100 1 106
45 100 2 106
45 100 3 106
45 100 4 106
45 101 0 -3
45 101 1 -3
45 101 2 -3
45 101 3 -3
45 101 4 -3
45 101 0 106
45 101 1 106
45 101 2 106
45 101 3 106
45 101 4 106
45 102 0 -3
45 102 1 -3
45 102 2 -3
45 102 3 -3
45 102 4 -3
45 102 0 106
45 102 1 106
45 102 2 106
45 102 3 106
45 102 4 106
45 103 0 -3
45 103 1 -3
45 103 2 -3
45 103 3 -3
45 103 4 -3
45 103 0 106
45 103 1 106
45 103 2 106
45 103 3 106
45 103 4 106
45 104 0 -3
45 104 1 -3
45 104 2 -3
45 104 3 -3
45 104 4 -3
45 104 0 106
45 104 1 106
45 104 2 106
45 104 3 106
45 104 4 106
45 105 0 -3
45 105 1 -3
45 105 2 -3
45 105 3 -3
45 105 4 -3
45 105 0 106
45 105 1 106
45 105 2 106
45 105 3 106
45 105 4 106
45 106 0 -3
45 106 1 -3
45 106 2 -3
45 106 3 -3
45 106 4 -3
45 106 0 -2
45 106 1 -2
45 106 2 -2
45 106 3 -2
45 106 4 -2
45 106 0 -1
45 106 1 -1
45 106 2 -1
45 106 3 -1
45 106 4 -1
45 106 0 0
45 106 1 0
45 106 2 0
45 106 3 0
45 106 4 0
45 106 0 1
45 106 1 1
45 106 2 1
45 106 3 1
45 106 4 1
45 106 0 2
45 106 1 2
45 106 2 2
45 106 3 2
45 106 4 2
45 106 0 3
45 106 1 3
45 106 2 3
45 106 3 3
45 106 4 3
45 106 0 4
45 106 1 4
45 106 2 4
45 106 3 4
45 106 4 4
45 106 0 5
45 106 1 5
45 106 2 5
45 106 3 5
45 106 4 5
45 106 0 6
45 106 1 6
45 106 2 6
45 106 3 6
45 106 4 6
45 106 0 7
45 106 1 7
45 106 2 7
45 106 3 7
45 106 4 7
45 106 0 8
45 106 1 8
45 106 2 8
45 106 3 8
45 106 4 8
45 106 0 9
45 106 1 9
45 106 2 9
45 106 3 9
45 106 4 9
45 106 0 10
45 106 1 10
45 106 2 10
45 106 3 10
45 106 4 10
45 106 0 11
45 106 1 11
45 106 2 11
45 106 3 11
45 106 4 11
45 106 0 12
45 106 1 12
45 106 2 12
45 106 3 12
45 106 4 12
45 106 0 13
45 106 1 13
45 106 2 13
45 106 3 13
45 106 4 13
45 106 0 14
45 106 1 14
45 106 2 14
45 106 3 14
45 106 4 14
45 106 0 15
45 106 1 15
45 106 2 15
45 106 3 15
45 106 4 15
45 106 0 16
45 106 1 16
45 106 2 16
45 106 3 16
45 106 4 16
45 106 0 17
45 106 1 17
45 106 2 17
45 106 3 17
45 106 4 17
45 106 0 18
45 106 1 18
45 106 2 18
45 106 3 18
45 106 4 18
45 106 0 19
45 106 1 19
45 106 2 19
45 106 3 19
45 106 4 19
45 106 0 20
45 106 1 20
45 106 2 20
45 106 3 20
45 106 4 20
45 106 0 21
45 106 1 21
45 106 2 21
45 106 3 21
45 106 4 21
45 106 0 22
45 106 1 22
45 106 2 22
45 106 3 22
45 106 4 22
45 106 0 23
45 106 1 23
45 106 2 23
45 106 3 23
45 106 4 23
45 106 0 24
45 106 1 24
45 106 2 24
45 106 3 24
45 106 4 24
45 106 0 25
45 106 1 25
45 106 2 25
45 106 3 25
45 106 4 25
45 106 0 26
45 106 1 26
45 106 2 26
45 106 3 26
45 106 4 26
45 106 0 27
45 106 1 27
45 106 2 27
45 106 3 27
45 106 4 27
45 106 0 28
45 106 1 28
45 106 2 28
45 106 3 28
45 106 4 28
45 106 0 29
45 106 1 29
45 106 2 29
45 106 3 29
45 106 4 29
45 106 0 30
45 106 1 30
45 106 2 30
45 106 3 30
45 106 4 30
45 106 0 31
45 106 1 31
45 106 2 31
45 106 3 31
45 106 4 31
45 106 0 32
45 106 1 32
45 106 2 32
45 106 3 32
45 106 4 32
45 106 0 33
45 106 1 33
45 106 2 33
45 106 3 33
45 106 4 33
45 106 0 34
45 106 1 34
45 106 2 34
45 106 3 34
45 106 4 34
45 106 0 35
45 106 1 35
45 106 2 35
45 106 3 35
45 106 4 35
45 106 0 36
45 106 1 36
45 106 2 36
45 106 3 36
45 106 4 36
45 106 0 37
45 106 1 37
45 106 2 37
45 106 3 37
45 106 4 37
45 106 0 38
45 106 1 38
45 106 2 38
45 106 3 38
45 106 4 38
45 106 0 39
45 106 1 39
45 106 2 39
45 106 3 39
45 106 4 39
45 106 0 40
45 106 1 40
45 106 2 40
45 106 3 40
45 106 4 40
45 106 0 41
45 106 1 41
45 106 2 41
45 106 3 41
45 106 4 41
45 106 0 42
45 106 1 42
45 106 2 42
45 106 3 42
45 106 4 42
45 106 0 43
45 106 1 43
45 106 2 43
45 106 3 43
45 106 4 43
45 106 0 44
45 106 1 44
45 106 2 44
45 106 3 44
45 106 4 44
45 106 0 45
45 106 1 45
45 106 2 45
45 106 3 45
45 106 4 45
45 106 0 46
45 106 1 46
45 106 2 46
45 106 3 46
45 106 4 46
45 106 0 47
45 106 1 47
45 106 2 47
45 106 3 47
45 106 4 47
45 106 0 48
45 106 1 48
45 106 2 48
45 106 3 48
45 106 4 48
45 106 0 49
45 106 1 49
45 106 2 49
45 106 3 49
45 106 4 49
45 106 0 50
45 106 1 50
45 106 2 50
45 106 3 50
45 106 4 50
45 106 0 51
45 106 1 51
45 106 2 51
45 106 3 51
45 106 4 51
45 106 0 52
45 106 1 52
45 106 2 52
45 106 3 52
45 106 4 52
45 106 0 53
45 106 1 53
45 106 2 53
45 106 3 53
45 106 4 53
45 106 0 54
45 106 1 54
45 106 2 54
45 106 3 54
45 106 4 54
45 106 0 55
45 106 1 55
45 106 2 55
45 106 3 55
45 106 4 55
45 106 0 56
45 106 1 56
45 106 2 56
45 106 3 56
45 106 4 56
45 106 0 57
45 106 1 57
45 106 2 57
45 106 3 57
45 106 4 57
45 106 0 58
45 106 1 58
45 106 2 58
45 106 3 58
45 106 4 58
45 106 0 59
45 106 1 59
45 106 2 59
45 106 3 59
45 106 4 59
45 106 0 60
45 106 1 60
45 106 2 60
45 106 3 60
45 106 4 60
45 106 0 61
45 106 1 61
45 106 2 61
45 106 3 61
45 106 4 61
45 106 0 62
45 106 1 62
45 106 2 62
45 106 3 62
45 106 4 62
45 106 0 63
45 106 1 63
45 106 2 63
45 106 3 63
45 106 4 63
45 106 0 64
45 106 1 64
45 106 2 64
45 106 3 64
45 106 4 64
45 106 0 65
45 106 1 65
45 106 2 65
45 106 3 65
45 106 4 65
45 106 0 66
45 106 1 66
45 106 2 66
45 106 3 66
45 106 4 66
45 106 0 67
45 106 1 67
45 106 2 67
45 106 3 67
45 106 4 67
45 106 0 68
45 106 1 68
45 106 2 68
45 106 3 68
45 106 4 68
45 106 0 69
45 106 1 69
45 106 2 69
45 106 3 69
45 106 4 69
45 106 0 70
45 106 1 70
45 106 2 70
45 106 3 70
45 106 4 70
45 106 0 71
45 106 1 71
45 106 2 71
45 106 3 71
45 106 4 71
45 106 0 72
45 106 1 72
45 106 2 72
45 106 3 72
45 106 4 72
45 106 0 73
45 106 1 73
45 106 2 73
45 106 3 73
45 106 4 73
45 106 0 74
45 106 1 74
45 106 2 74
45 106 3 74
45 106 4 74
45 106 0 75
45 106 1 75
45 106 2 75
45 106 3 75
45 106 4 75
45 106 0 76
45 106 1 76
45 106 2 76
45 106 3 76
45 106 4 76
45 106 0 77
45 106 1 77
45 106 2 77
45 106 3 77
45 106 4 77
45 106 0 78
45 106 1 78
45 106 2 78
45 106 3 78
45 106 4 78
45 106 0 79
45 106 1 79
45 106 2 79
45 106 3 79
45 106 4 79
45 106 0 80
45 106 1 80
45 106 2 80
45 106 3 80
45 106 4 80
45 106 0 81
45 106 1 81
45 106 2 81
45 106 3 81
45 106 4 81
45 106 0 82
45 106 1 82
45 106 2 82
45 106 3 82
45 106 4 82
45 106 0 83
45 106 1 83
45 106 2 83
45 106 3 83
45 106 4 83
45 106 0 84
45 106 1 84
45 106 2 84
45 106 3 84
45 106 4 84
45 106 0 85
45 106 1 85
45 106 2 85
45 106 3 85
45 106 4 85
45 106 0 86
45 106 1 86
45 106 2 86
45 106 3 86
45 106 4 86
45 106 0 87
45 106 1 87
45 106 2 87
45 106 3 87
45 106 4 87
45 106 0 88
45 106 1 88
45 106 2 88
45 106 3 88
45 106 4 88
45 106 0 89
45 106 1 89
45 106 2 89
45 106 3 89
45 106 4 89
45 106 0 90
45 106 1 90
45 106 2 90
45 106 3 90
45 106 4 90
45 106 0 91
45 106 1 91
45 106 2 91
45 106 3 91
45 106 4 91
45 106 0 92
45 106 1 92
45 106 2 92
45 106 3 92
45 106 4 92
45 106 0 93
45 106 1 93
45 106 2 93
45 106 3 93
45 106 4 93
45 106 0 94
45 106 1 94
45 106 2 94
45 106 3 94
45 106 4 94
45 106 0 95
45 106 1 95
45 106 2 95
45 106 3 95
45 106 4 95
45 106 0 96
45 106 1 96
45 106 2 96
45 106 3 96
45 106 4 96
45 106 0 97
45 106 1 97
45 106 2 97
45 106 3 97
45 106 4 97
45 106 0 98
45 106 1 98
45 106 2 98
45 106 3 98
45 106 4 98
45 106 0 99
45 106 1 99
45 106 2 99
45 106 3 99
45 106 4 99
45 106 0 100
45 106 1 100
45 106 2 100
45 106 3 100
45 106 4 100
45 106 0 101
45 106 1 101
45 106 2 101
45 106 3 101
45 106 4 101
45 106 0 102
45 106 1 102
45 106 2 102
45 106 3 102
45 106 4 102
45 106 0 103
45 106 1 103
45 106 2 103
45 106 3 103
45 106 4 103
45 106 0 104
45 106 1 104
45 106 2 104
45 106 3 104
45 106 4 104
45 106 0 105
45 106 1 105
45 106 2 105
45 106 3 105
45 106 4 105
45 106 0 106
45 106 1 106
45 106 2 106
45 106 3 106
45 106 4 106
3 31 0 34
3 32 0 34
3 33 0 34
3 35 0 34
3 36 0 34
3 37 0 34
3 32 1 34
3 33 1 34
3 35 1 34
3 36 1 34
3 33 2 34
3 35 2 34
3 34 0 34
3 34 1 34
3 34 2 34
27 30 0 34
27 31 1 34
27 32 2 34
27 33 2 34
27 35 2 34
27 36 2 34
27 37 1 34
27 38 0 34
27 34 2 34
0 34 0 34
0 34 1 34
0 34 -1 33
0 34 -1 34
0 34 -1 35
27 34 -1 32
27 34 -2 33
27 34 -2 35
27 34 -1 36
27 34 -2 34
3 31 0 69
3 32 0 69
3 33 0 69
3 35 0 69
3 36 0 69
3 37 0 69
3 32 1 69
3 33 1 69
3 35 1 69
3 36 1 69
3 33 2 69
3 35 2 69
3 34 0 69
3 34 1 69
3 34 2 69
27 30 0 69
27 31 1 69
27 32 2 69
27 33 2 69
27 35 2 69
27 36 2 69
27 37 1 69
27 38 0 69
27 34 2 69
0 34 0 69
0 34 1 69
0 34 -1 68
0 34 -1 69
0 34 -1 70
27 34 -1 67
27 34 -2 68
27 34 -2 70
27 34 -1 71
27 34 -2 69
3 66 0 34
3 67 0 34
3 68 0 34
3 70 0 34
3 71 0 34
3 72 0 34
3 67 1 34
3 68 1 34
3 70 1 34
3 71 1 34
3 68 2 34
3 70 2 34
3 69 0 34
3 69 1 34
3 69 2 34
27 65 0 34
27 66 1 34
27 67 2 34
27 68 2 34
27 70 2 34
27 71 2 34
27 72 1 34
27 73 0 34
27 69 2 34
0 69 0 34
0 69 1 34
0 69 -1 33
0 69 -1 34
0 69 -1 35
27 69 -1 32
27 69 -2 33
27 69 -2 35
27 69 -1 36
27 69 -2 34
3 66 0 69
3 67 0 69
3 68 0 69
3 70 0 69
3 71 0 69
3 72 0 69
3 67 1 69
3 68 1 69
3 70 1 69
3 71 1 69
3 68 2 69
3 70 2 69
3 69 0 69
3 69 1 69
3 69 2 69
27 65 0 69
27 66 1 69
27 67 2 69
27 68 2 69
27 70 2 69
27 71 2 69
27 72 1 69
27 73 0 69
27 69 2 69
0 69 0 69
0 69 1 69
0 69 -1 68
0 69 -1 69
0 69 -1 70
27 69 -1 67
27 69 -2 68
27 69 -2 70
27 69 -1 71
27 69 -2 69
